[ 9.56061607e+03  7.37899545e+02  5.25918354e+02 -4.39636025e-01
 -8.98222023e-01 -1.22867926e-02 -6.26148157e-03 -9.99074635e-01
 -4.91620630e-02 -1.12198910e-01 -9.92999790e-01 -3.69213331e-02
  6.13751802e-01 -7.86138813e-01 -7.27659896e-02  9.83537816e-01
 -1.66817416e-01 -6.94703780e-02  8.97219076e-01  4.39799134e-01
 -3.96820956e-02  5.46833969e-01  8.37204382e-01 -7.84930261e-03
  9.60912045e-02  9.95197791e-01  1.86514689e-02 -3.42404467e-01
  9.38731126e-01  3.92850667e-02 -6.91619545e-01  7.20264820e-01
  5.36765000e-02 -9.10367123e-01  4.09480361e-01  5.96470711e-02
 -9.95612753e-01  7.60253891e-02  5.45481876e-02 -9.74940912e-01
 -2.19879261e-01  3.38157211e-02 -8.94229387e-01 -4.46513282e-01
 -3.13040185e-02 -7.63420532e-01 -6.12611160e-01 -2.04686814e-01
 -2.82062503e-01 -4.97799511e-01 -8.20144914e-01  7.33715430e-01
  2.07550173e-01 -6.46984515e-01  7.96659711e-01  5.15068083e-01
 -3.16288616e-01  7.63604409e-01  6.26467310e-01 -1.56359919e-01
  6.12249497e-01  7.88331839e-01 -6.07087130e-02  4.02160385e-01
  9.15524182e-01 -9.08412768e-03  1.52416613e-01  9.87642762e-01
  3.64836935e-02]