With respect to sun
t, X, Y, Z, R
 9560.796252360982, -143234367981.0973, 38763909290.417725, -2303043.557931618, 148387077738.3399
 9579.242976690148, -148895610236.86008, -8436617697.184143, 466369.4845653516, 149134433536.29935
 9597.689701019313, -139603702011.68427, -55222906341.04999, -12991816.12424732, 150129154959.6773
 9616.136425348479, -116516425698.88654, -96570891137.82617, -25171488.145125017, 151334117456.71176
 9634.583149677645, -81912332549.85158, -128958895543.5603, -66556933.98978005, 152774446140.04605
 9653.02987400681, -39608072874.23829, -149266407100.6594, -101719529.0963743, 154432088868.90494
 9671.476598335976, 6749659057.300262, -156095969426.06876, -157213187.6184244, 156241909500.74933
 9689.923322665141, 52540234618.92526, -149231491938.09726, -198941159.0283871, 158210473791.92966
 9708.370046994307, 94314964121.73195, -129546294078.92181, -240694827.1149447, 160242356138.6498
 9726.816771323472, 128434965433.46637, -99305604709.80527, -262878589.66343683, 162349045509.44766
 9745.263495652638, 152765829123.10175, -60890747671.51956, -268002991.57148814, 164454107657.02655
 9763.710219981804, 165597890643.31985, -17868946950.31787, -252936138.13434383, 166559372679.29468
 9782.15694431097, 166467464571.69785, 26932814843.820927, -210216020.5608148, 168632255120.7696
 9800.603668640135, 155698049360.33853, 69870811357.25957, -152779178.72334972, 170657071918.5514
 9819.0503929693, 134257486194.75854, 108558411177.3407, -65855027.39165436, 172655742949.86246
 9837.497117298466, 104059348200.71965, 140185899227.5231, 25393631.667404138, 174586468361.73874
 9855.943841627632, 66956973564.10654, 163338506028.06152, 141502997.01766565, 176529668564.35696
 9874.390565956797, 25758346176.62442, 176536574764.3027, 249020756.75633612, 178406044288.3154
 9892.837290285963, -17424767273.30091, 179514198569.0892, 371780836.31499875, 180358277390.92358
 9911.284014615128, -59624447943.412125, 172223479370.8112, 473310869.0961451, 182253191089.54907
 9929.730738944294, -99035180452.19156, 155426012854.61255, 577196817.6839116, 184297437842.3278
 9948.17746327346, -133146236459.45401, 130287846283.62424, 650157477.2841961, 186288125969.65863
 9966.624187602625, -160871016032.8213, 98266492907.15161, 706219275.2203885, 188510705726.14227
 9985.07091193179, -180539294626.5922, 61309469947.06902, 726893902.4140913, 190666767907.2664
 10003.517636260956, -191957331976.46146, 21138560604.791, 693192725.8693544, 193118969964.4213
 10021.964360590122, -194424875071.00162, -20030109191.850044, 627147766.4974589, 195454932490.67172
 10040.411084919288, -188586470553.20898, -60628217758.438835, 410137290.9526845, 198092922329.08896
 10058.857809248453, -174592646809.4796, -98616328529.11555, 175333343.8486424, 200518835310.51044
 10077.304533577619, -153492002206.44583, -132807718807.24466, -510605568.42313576, 202972770671.7683
 10095.751257906784, -126215339892.13776, -161667397170.04282, -1176172920.2978482, 205104955363.2546
 10114.19798223595, -93592914008.4913, -184109985959.65247, -2174699570.10067, 206545030927.60297
 10132.644706565115, -57395440619.22629, -199530230024.30966, -3090365450.1459465, 207644165957.1598
 10151.091430894281, -18551227094.151985, -207174144772.31885, -4076100165.6021557, 208042997674.52054
 10169.538155223447, 20986543007.3284, -207083805366.4072, -4909686462.988574, 208202407415.46512
 10187.984879552612, 60197307142.56241, -198888779552.42862, -5657015651.262178, 207876079059.49442
 10206.431603881778, 97154672092.88739, -183252992391.0514, -6192675457.39912, 207506719792.56934
 10224.878328210943, 130831092162.47896, -160231285392.72192, -6536874497.240146, 206962726651.9835
 10243.325052540109, 159548029374.44464, -131138204161.72488, -6633330895.082227, 206632048208.39032
 10261.771776869275, 182440873671.3031, -96467810752.12157, -6481057075.985027, 206476911537.5317
 10280.21850119844, 198373246227.1809, -58116616615.8107, -6081510826.475159, 206800557831.72202
 10298.665225527606, 206869513623.3066, -16911273713.235123, -5426447000.370856, 207630520811.3567
With respect to Earth
 9560.796252360982, 0.0023193359375, 0.00817108154296875, -4.852190613746643e-07, 0.008493873851680463
 9579.242976690148, -654643.0942382812, -1089228.5572624207, -35765.276304259896, 1271320.410352546
 9597.689701019313, -53650653.97351074, -425580002.9662323, -16259944.986840557, 429256470.43172073
 9616.136425348479, -161459418.71424866, -837234793.5967255, -30891997.12264306, 853220697.7017845
 9634.583149677645, -134144737.86061096, -1639497128.1948853, -74179360.41342722, 1646647570.5403125
 9653.02987400681, -308327127.5421219, -2647643587.910309, -110514112.57115453, 2667825997.9350863
 9671.476598335976, -193276517.9223709, -4200318969.130432, -166341627.26332453, 4208052375.1229315
 9689.923322665141, 13272709.648513794, -6514414455.256775, -207534282.97047222, 6517732914.0037565
 9708.370046994307, 1201969954.1857147, -9583307335.812439, -247931597.0055076, 9661572405.162394
 9726.816771323472, 3634720586.424179, -13553616770.136414, -268061366.3624961, 14035083832.640078
 9745.263495652638, 8306834855.997803, -17605085176.820175, -270624079.73028326, 19468327272.789604
 9763.710219981804, 15570022872.933868, -21260633122.7259, -252730373.4033838, 26353443905.578526
 9782.15694431097, 25713934352.62088, -22788640853.085247, -207193875.61083364, 34359445588.133297
 9800.603668640135, 38358773009.69852, -21172193361.49179, -147235057.8993033, 43814140602.18741
 9819.0503929693, 52295400408.30371, -14509324992.767578, -58346695.88893735, 54270920573.982185
 9837.497117298466, 65937136068.599075, -2182370568.3053284, 34095731.033399805, 65973250766.84663
 9855.943841627632, 76646270793.78516, 16526190776.180237, 150493487.97181225, 78407834152.30183
 9874.390565956797, 82240881520.6384, 40676087639.22589, 257356084.287336, 91750601802.27586
 9892.837290285963, 79930068976.23593, 68853319619.60043, 378582743.425201, 105497577574.45573
 9911.284014615128, 68450563738.80653, 98311495368.36754, 477862395.048058, 119795067303.26407
 9929.730738944294, 46530891786.86481, 125908559763.44887, 579017881.3748716, 134232725420.7924
 9948.17746327346, 15067015077.366516, 148186899668.4383, 649051161.9773093, 148952319364.60828
 9966.624187602625, -24902070697.59587, 161796277371.26514, 702285338.5550528, 163702906818.79834
 9985.07091193179, -70268969892.31062, 164196869465.25943, 720511093.8207402, 178602517362.30994
 10003.517636260956, -118143381210.94037, 153360276264.25458, 684975019.9071739, 193591585691.57898
 10021.964360590122, -164184688618.44598, 128792845377.762, 617881293.8800473, 208673406965.357
 10040.411084919288, -204813264560.16562, 90581548071.14035, 400704947.17033446, 223950107736.54785
 10058.857809248453, -235744262871.47113, 40596634447.27394, 166633463.90071976, 239214280451.58624
 10077.304533577619, -253746636839.42017, -18839715707.335144, -517740813.18864566, 254445590747.41193
 10095.751257906784, -255978506222.6671, -83842893185.08879, -1181054194.5536852, 269362249163.91812
 10114.19798223595, -240331156077.51782, -149935939170.82352, -2176846919.578707, 283274759022.2334
 10132.644706565115, -206757985860.4907, -212337715444.36752, -3089559221.4863367, 296387778920.4594
 10151.091430894281, -155716162509.0092, -265679964488.865, -4072410559.157518, 307977192865.15204
 10169.538155223447, -90159555548.55719, -305379160546.1632, -4903476354.842704, 318448145281.0727
 10187.984879552612, -13567349940.05754, -326909597501.1072, -5648912936.722031, 327239771635.56775
 10206.431603881778, 68404043798.87549, -327734615165.2079, -6183514414.550021, 334854187723.6125
 10224.878328210943, 150093121416.43222, -306076300817.0321, -6527610362.778894, 340959318270.3978
 10243.325052540109, 224800628463.5852, -263046018132.53375, -6624937003.877673, 346081522192.83466
 10261.771776869275, 286848438720.481, -200613292771.23492, -6474417942.446138, 350099468895.0388
 10280.21850119844, 331065358415.69794, -123646629518.7687, -6077325898.496556, 353453949510.17694
 10298.665225527606, 354172094126.9689, -37061545196.079605, -5425157848.702843, 356147248660.2794