[ 9.56079625e+03  7.37868973e+02  5.25929745e+02 -3.89937332e-01
 -9.20574350e-01 -2.22001493e-02  7.38170113e-02 -9.87956703e-01
 -1.36006911e-01 -1.06567216e-01 -9.93575734e-01 -3.81078044e-02
  6.16929837e-01 -7.83610567e-01 -7.31656408e-02  9.83917884e-01
 -1.65533323e-01 -6.71203440e-02  8.96673409e-01  4.41101887e-01
 -3.75012884e-02  5.47503852e-01  8.36768304e-01 -7.68346956e-03
  9.70962892e-02  9.95075248e-01  1.99401916e-02 -3.41628005e-01
  9.38971131e-01  4.02948867e-02 -6.91177302e-01  7.20627345e-01
  5.45031992e-02 -9.09130481e-01  4.12098208e-01  6.04734958e-02
 -9.95326141e-01  7.82828389e-02  5.65507308e-02 -9.75704666e-01
 -2.16755390e-01  3.19498837e-02 -8.98890554e-01 -4.36721675e-01
 -3.56583393e-02 -7.85365256e-01 -5.77479657e-01 -2.22980981e-01
 -3.02936583e-01 -5.36361589e-01 -7.87747555e-01  7.26264649e-01
  2.03115761e-01 -6.56722612e-01  8.24572787e-01  4.69783906e-01
 -3.15260675e-01  7.53114246e-01  6.38155351e-01 -1.59931045e-01
  6.07383578e-01  7.91573224e-01 -6.70809596e-02  3.98801739e-01
  9.17016545e-01 -6.17594410e-03  1.48635172e-01  9.88177893e-01
  3.75810988e-02]