[ 9.49700000e+03  1.02890755e+03  1.56557989e+03 -9.95429104e-01
 -9.33071592e-02  2.07479360e-02 -1.48498453e-01 -9.80597887e-01
 -1.28149937e-01 -8.56710115e-01 -5.15793186e-01  2.27455091e-03
 -1.31362958e-01 -9.90178042e-01 -4.78668061e-02  6.83786044e-01
 -7.26222394e-01 -7.09766873e-02  9.98779626e-01  2.20756122e-02
 -4.41806292e-02  7.05046603e-01  7.09066727e-01  1.15614807e-02
  7.75972399e-02  9.95024419e-01  6.24906057e-02 -5.53107031e-01
  8.28486468e-01  8.76515875e-02 -9.41342863e-01  3.28773277e-01
  7.60378164e-02 -9.54894503e-01 -2.96360986e-01  1.86189749e-02
 -5.86011622e-01 -8.05487816e-01 -8.82031009e-02  4.21102595e-02
 -9.75742555e-01 -2.14833062e-01  6.61177042e-01 -6.97793661e-01
 -2.75552088e-01  9.71346038e-01 -1.18458329e-01 -2.06045117e-01
  8.92207901e-01  4.48629480e-01 -5.19303394e-02  5.80302176e-01
  8.07438143e-01  1.06268836e-01  2.20335740e-01  9.46516208e-01
  2.35710097e-01 -5.97012120e-02  9.39275345e-01  3.37931886e-01
 -1.53802903e-01  8.98337356e-01  4.11503048e-01  3.95245539e-02
  9.24947359e-01  3.78034704e-01  2.77107726e-01  9.45753972e-01
  1.69590194e-01]