[ 9.49700000e+03  1.02890516e+03  1.56558137e+03 -9.97514123e-01
 -9.18564825e-02  2.16584030e-02 -2.75410807e-01 -9.59048555e-01
 -6.69497258e-02 -8.56571918e-01 -5.16021689e-01  2.54965589e-03
 -1.31454997e-01 -9.90178270e-01 -4.76094959e-02  6.83887152e-01
 -7.26101233e-01 -7.12430381e-02  9.98806072e-01  2.17336058e-02
 -4.37566945e-02  7.05556658e-01  7.08563775e-01  1.12808142e-02
  7.76660191e-02  9.95046035e-01  6.20618204e-02 -5.52969587e-01
  8.28582580e-01  8.76110888e-02 -9.41315367e-01  3.28970880e-01
  7.55233764e-02 -9.55278364e-01 -2.95093447e-01  1.90902119e-02
 -5.86793820e-01 -8.05015827e-01 -8.73108157e-02  4.19772579e-02
 -9.75591230e-01 -2.15545800e-01  6.61134932e-01 -6.97574251e-01
 -2.76210622e-01  9.71288447e-01 -1.17224171e-01 -2.07025857e-01
  8.92716798e-01  4.47476063e-01 -5.31394678e-02  5.81276212e-01
  8.06836652e-01  1.05511437e-01  2.22270546e-01  9.45905769e-01
  2.36348781e-01 -5.83332330e-02  9.39547809e-01  3.37415378e-01
 -1.53692560e-01  8.97784194e-01  4.12750921e-01  3.97038856e-02
  9.25415842e-01  3.76871795e-01  2.74348674e-01  9.46952279e-01
  1.67382482e-01]