With respect to sun
t, X, Y, Z, R
 9560.72925321477, -143186417399.54803, 38930984186.66055, -2312953.6845273273, 148384539837.57663
 9579.17587767305, -148902564385.45264, -8263498974.811729, 478368.9055334632, 149131683743.259
 9597.62250213133, -139661547370.7507, -55061375749.34185, -12886330.923496457, 150123625986.91846
 9616.06912658961, -116618137585.78044, -96436349774.37625, -24982770.560116883, 151326667167.16086
 9634.51575104789, -82044064324.4141, -128861028185.70987, -66005264.492922895, 152762552455.24622
 9652.962375506173, -39755843642.497406, -149211748679.0577, -100855088.43731678, 154417237442.3848
 9671.408999964457, 6600657535.167458, -156082892283.29886, -156684808.53419378, 156222477555.39426
 9689.855624422737, 52402834162.54742, -149256287120.06635, -198790453.6225348, 158188292205.1426
 9708.302248881017, 94198340654.64557, -129600570456.00844, -241810279.6801449, 160217644836.08795
 9726.748873339297, 128345203154.92809, -99380260911.49323, -265161308.7055943, 162323743618.22693
 9745.195497797577, 152704320314.94482, -60975698961.31369, -270903322.5450496, 164428460721.61652
 9763.642122255857, 165564093153.5296, -17955704367.945694, -256226623.1090866, 166535107149.15964
 9782.088746714137, 166458077979.71823, 26851181614.48663, -213596795.0204713, 168609973911.35242
 9800.535371172416, 155709291707.80414, 69799329568.07054, -156008155.89683867, 170638079779.52304
 9818.981995630696, 134285214182.46452, 108500423114.22401, -68700801.4936323, 172640856357.34125
 9837.42862008898, 104099581712.16599, 140143483244.1512, 23117852.75071577, 174576399730.56705
 9855.875244547264, 67006542674.603806, 163313386939.56247, 139766407.26075783, 176525235163.48407
 9874.321869005544, 25813925551.819717, 176529662367.5669, 247929015.54445094, 178407236167.1432
 9892.768493463824, -17366523752.832455, 179526023893.23688, 371518753.6660181, 180364429498.60452
 9911.215117922104, -59567012079.541695, 172254513065.49066, 473896139.4456224, 182263739611.21432
 9929.661742380384, -98982294183.92487, 155477227083.72403, 578436345.8867745, 184312227733.71054
 9948.108366838664, -133102074743.7951, 130358564812.97182, 651992968.5710272, 186306046107.0216
 9966.554991296944, -160840232949.89438, 98356460497.30737, 708994857.1229914, 188531367497.9368
 9985.001615755224, -180526148145.4202, 61415833481.44832, 730482649.6422459, 190688563818.97845
 10003.448240213504, -191965878724.46555, 21257917723.593822, 697905362.0819731, 193140582820.6328
 10021.894864671787, -194457794004.3969, -19902971336.49942, 632775984.8685685, 195474710186.57376
 10040.34148913007, -188644820338.1348, -60499806450.14607, 417190925.28249276, 198109234689.30072
 10058.78811358835, -174676007286.99832, -98492845051.44453, 183512560.74170554, 200530750073.18777
 10077.23473804663, -153599103387.6945, -132695787036.57556, -500836229.44932294, 202980558910.67157
 10095.68136250491, -126342667989.62518, -161572175121.72552, -1165208084.5782027, 205108252486.78458
 10114.12798696319, -93735905939.03178, -184040071789.6063, -2164373967.44403, 206547458471.91003
 10132.57461142147, -57548811730.84122, -199488622853.95782, -3081076970.06345, 207646501090.42505
 10151.02123587975, -18709500742.16109, -207162880985.16782, -4068870224.9108458, 208045813178.25864
 10169.46786033803, 20829241929.287125, -207103708404.1742, -4904792985.856473, 208206292768.36014
 10187.91448479631, 60046534238.359146, -198938883934.95612, -5653414849.016698, 207880318728.78073
 10206.361109254594, 97016232070.00186, -183331959251.20947, -6190517304.903185, 207511635992.90015
 10224.807733712878, 130709258204.52576, -160335716471.19638, -6535803927.168055, 206966588824.58212
 10243.254358171158, 159447744848.26147, -131264547783.92725, -6633404905.281236, 206634863715.57104
 10261.700982629438, 182365583179.2652, -96611221672.53473, -6482221057.571322, 206477488533.76816
 10280.147607087718, 198325951806.94202, -58271701676.50717, -6083725175.769533, 206798902531.95163
 10298.594231545998, 206851663204.63727, -17072103390.691055, -5429379994.352738, 207625974896.76047
With respect to Earth
 9560.72925321477, 0.0, 0.0, 0.0, 0.0
 9579.17587767305, -750339.7576904297, -1046949.8071212769, -13459.846500545042, 1288136.17993985
 9597.62250213133, -51187308.966033936, -425724405.2776871, -16144794.727811426, 429094470.07043535
 9616.06912658961, -156014296.9006195, -837164895.9649506, -30695204.471198767, 852131280.6433818
 9634.51575104789, -122797430.72338867, -1636112888.2456665, -73621981.30232769, 1642365607.350179
 9652.962375506173, -291147513.84952545, -2638711291.45459, -109646867.93150072, 2656988255.5476036
 9671.408999964457, -171303035.50820923, -4180050134.240906, -165813616.85119903, 4186843442.2933726
 9689.855624422737, 36587646.17783356, -6479775323.366943, -207387096.36121264, 6483196457.373874
 9708.302248881017, 1220414007.0085754, -9531324909.60225, -249053409.27435184, 9612366643.11023
 9726.748873339297, 3641162497.6214447, -13484956583.548767, -270352711.2439583, 13970512123.138401
 9745.195497797577, 8292808725.820496, -17523077369.250412, -273534502.3430025, 19388237108.508667
 9763.642122255857, 15529514515.212585, -21172824690.82941, -256031450.187066, 26258710527.561687
 9782.088746714137, 25643325537.107574, -22705398035.59772, -210584692.39306015, 34251417349.79253
 9800.535371172416, 38259481468.93091, -21105391985.79103, -150472494.32209116, 43694944045.24289
 9818.981995630696, 52173804111.24611, -14470306956.557297, -61198440.34245232, 54143322433.193665
 9837.42862008898, 65804232529.45438, -2179746091.091278, 31817138.758852422, 65840332047.63208
 9855.875244547264, 76516790535.5498, 16488887839.864655, 148757582.0203962, 78273397683.21706
 9874.321869005544, 82130279762.90572, 40600734664.752914, 256268484.28028625, 91618055986.72601
 9892.768493463824, 79852417759.95201, 68747602158.34552, 378327838.5395466, 105369751620.59303
 9911.215117922104, 68416388301.055504, 98188331457.64005, 478457129.3710475, 119674473233.93922
 9929.661742380384, 46545492987.552704, 125785087683.5606, 580268174.083356, 134121988921.16534
 9948.108366838664, 15129499932.532227, 148080380632.84613, 650897615.6441344, 148852694178.7858
 9966.554991296944, -24798890964.712677, 161724178361.66614, 705070983.1880126, 163615989392.62338
 9985.001615755224, -70137128398.893, 164172086266.60126, 724108021.0288317, 178527911043.61606
 10003.448240213504, -117998931063.4625, 153391807875.63483, 689693171.2866073, 193528473698.69366
 10021.894864671787, -164045253726.4327, 128883591277.4461, 623511842.1679057, 208619783668.18137
 10040.34148913007, -204696416480.9046, 90728294598.1656, 407757502.87591785, 223902685618.09753
 10058.78811358835, -235666265722.80328, 40791490047.14757, 174808280.5686707, 239170577241.29114
 10077.23473804663, -253721713136.11542, -18609889890.243835, -507978805.99789804, 254403800602.3487
 10095.68136250491, -256016144538.74713, -83594126667.54669, -1170098955.664233, 269320651657.76007
 10114.12798696319, -240436112554.95654, -149691270997.0724, -2166532282.8348384, 283234345896.4524
 10132.57461142147, -206929597230.94806, -212117028910.69165, -3080282019.8903747, 296349422643.9182
 10151.02123587975, -155948156396.71677, -265503157383.7375, -4065191083.612047, 307942007272.1726
 10169.46786033803, -90439573637.91867, -305264144504.0281, -4898591444.321988, 318417195826.04675
 10187.91448479631, -13877999360.986496, -326869832839.92664, -5645317878.196392, 327213013343.0072
 10206.361109254594, 68084726131.745155, -327778743603.93774, -6181358534.024428, 334832262311.0516
 10224.807733712878, 149788186776.89233, -306205092848.92053, -6526538308.995204, 340940838690.269
 10243.254358171158, 224534245807.75995, -263253620798.72635, -6625005900.92153, 346066448976.6184
 10261.700982629438, 286641424529.1404, -200886311346.51794, -6475573707.389102, 350086488452.9891
 10280.147607087718, 330934198589.42523, -123965953357.96988, -6079529787.860646, 353443011064.6085
 10298.594231545998, 354126394259.46454, -37404083585.74284, -5428079226.456643, 356137659654.50446