[ 9.56072925e+03  7.37864978e+02  5.25931233e+02 -4.48195968e-01
 -8.93948309e-01 -7.97585107e-03 -2.05229605e-02 -9.98276836e-01
 -5.58280305e-02 -1.00609963e-01 -9.94203195e-01 -3.79368568e-02
  6.22590977e-01 -7.79185991e-01 -7.24783860e-02  9.84864555e-01
 -1.59250570e-01 -6.84229286e-02  8.95309767e-01  4.43692507e-01
 -3.94687132e-02  5.45164800e-01  8.38300687e-01 -6.89191508e-03
  9.56611223e-02  9.95212021e-01  2.00550988e-02 -3.41647511e-01
  9.38963135e-01  4.03166391e-02 -6.90263874e-01  7.21529116e-01
  5.41444379e-02 -9.09285314e-01  4.11720625e-01  6.07159137e-02
 -9.95196192e-01  8.01476328e-02  5.62235164e-02 -9.76261859e-01
 -2.14101158e-01  3.27651843e-02 -8.99548983e-01 -4.35432962e-01
 -3.47821091e-02 -7.85032846e-01 -5.78455989e-01 -2.21614246e-01
 -3.04363799e-01 -5.37637366e-01 -7.86330250e-01  7.26173701e-01
  1.95379012e-01 -6.59166058e-01  8.24259905e-01  4.69564377e-01
 -3.16394128e-01  7.52528488e-01  6.39353537e-01 -1.57886597e-01
  6.05427421e-01  7.93130145e-01 -6.63492348e-02  3.97759334e-01
  9.17469679e-01 -6.07528858e-03  1.48276350e-01  9.88217371e-01
  3.79560380e-02]