[ 9.56073234e+03  7.37865053e+02  5.25931206e+02 -4.42607177e-01
 -8.96357014e-01 -2.65893103e-02 -2.53017436e-02 -9.97152497e-01
 -7.62247484e-02 -1.00617726e-01 -9.94210536e-01 -3.77091649e-02
  6.23162613e-01 -7.78844350e-01 -7.12044219e-02  9.84838958e-01
 -1.59313210e-01 -6.86464565e-02  8.95181161e-01  4.44016898e-01
 -3.87265531e-02  5.45539089e-01  8.38059524e-01 -6.61730428e-03
  9.55516955e-02  9.95224908e-01  1.99315734e-02 -3.41985238e-01
  9.38824385e-01  4.06824389e-02 -6.90461382e-01  7.21333571e-01
  5.42312747e-02 -9.09443827e-01  4.11434530e-01  6.02797460e-02
 -9.95190219e-01  8.01969665e-02  5.62608213e-02 -9.76270087e-01
 -2.14156508e-01  3.21514774e-02 -8.99283997e-01 -4.35956593e-01
 -3.50835754e-02 -7.84928205e-01 -5.78102885e-01 -2.22901772e-01
 -3.04928442e-01 -5.37247325e-01 -7.86374359e-01  7.26097949e-01
  1.95132962e-01 -6.59321550e-01  8.24326758e-01  4.69441980e-01
 -3.16401451e-01  7.52625292e-01  6.39234032e-01 -1.57908443e-01
  6.05385228e-01  7.93113716e-01 -6.69297138e-02  3.97816627e-01
  9.17442973e-01 -6.35482201e-03  1.48539111e-01  9.88219524e-01
  3.68670358e-02]