[ 9.56073608e+03  7.37865113e+02  5.25931183e+02 -4.60054332e-01
 -8.86942874e-01 -4.34988874e-02 -3.68214653e-02 -9.96298199e-01
 -7.86609434e-02 -1.00214272e-01 -9.94234944e-01 -3.81342734e-02
  6.23309950e-01 -7.78609257e-01 -7.24732637e-02  9.84828114e-01
 -1.59554861e-01 -6.82356263e-02  8.95192718e-01  4.43947781e-01
 -3.92475013e-02  5.45401957e-01  8.38144263e-01 -7.13528618e-03
  9.56724694e-02  9.95218235e-01  1.96843454e-02 -3.41902882e-01
  9.38871547e-01  4.02821402e-02 -6.90284845e-01  7.21507081e-01
  5.41699492e-02 -9.09310573e-01  4.11702781e-01  6.04584739e-02
 -9.95186298e-01  8.01775834e-02  5.63547285e-02 -9.76284836e-01
 -2.14019826e-01  3.26107133e-02 -8.99290914e-01 -4.35968822e-01
 -3.47441393e-02 -7.85008175e-01 -5.78064534e-01 -2.22718949e-01
 -3.05186615e-01 -5.38199143e-01 -7.85622778e-01  7.26146015e-01
  1.94988826e-01 -6.59313665e-01  8.23950350e-01  4.70031979e-01
 -3.16506674e-01  7.52472956e-01  6.39415515e-01 -1.57899848e-01
  6.05548083e-01  7.93029294e-01 -6.64536558e-02  3.97838312e-01
  9.17435414e-01 -6.07804457e-03  1.48500716e-01  9.88191315e-01
  3.77554253e-02]