[ 9.49700000e+03  9.06320456e+02  6.68986062e+02 -9.98235562e-01
 -5.13001224e-02  3.11526050e-02 -5.46717174e-01 -8.00394608e-01
 -2.46905687e-01 -9.79589694e-01 -1.98676512e-01  3.05240939e-02
 -8.68561743e-01 -4.95253820e-01  1.80042828e-02 -6.64538626e-01
 -7.47253193e-01  1.04810607e-03 -3.83841629e-01 -9.23218458e-01
 -1.82569714e-02 -5.72929865e-02 -9.97642532e-01 -3.77745649e-02
  2.75477754e-01 -9.59748551e-01 -5.47241046e-02  5.71999554e-01
 -8.17593445e-01 -6.60113666e-02  7.99659944e-01 -5.96311755e-01
 -7.04017292e-02  9.41918949e-01 -3.28780064e-01 -6.85009548e-02
  9.97068151e-01 -4.64146558e-02 -6.08341115e-02  9.73222538e-01
  2.24691358e-01 -4.84947715e-02  8.83094049e-01  4.67968868e-01
 -3.39123323e-02  7.41513216e-01  6.70710155e-01 -1.74940500e-02
  5.62128940e-01  8.27049450e-01 -5.33279666e-04  3.58041859e-01
  9.33565553e-01  1.61675042e-02  1.41960601e-01  9.89340690e-01
  3.24379625e-02 -7.52705372e-02  9.96018824e-01  4.77583524e-02
 -2.83652289e-01  9.56970676e-01  6.12251264e-02 -4.74487864e-01
  8.77184703e-01  7.35409114e-02 -6.41219802e-01  7.62795943e-01
  8.35436154e-02 -7.78107604e-01  6.21387717e-01  9.17925419e-02
 -8.82045026e-01  4.61345488e-01  9.56918538e-02 -9.52040739e-01
  2.90781885e-01  9.52077096e-02 -9.89147522e-01  1.17669265e-01
  8.79852702e-02 -9.96022279e-01 -5.22281479e-02  7.21937291e-02
 -9.75933885e-01 -2.13917918e-01  4.23375523e-02 -9.29610555e-01
 -3.68415895e-01 -9.70713671e-03 -8.60380479e-01 -5.01848137e-01
 -8.88475865e-02 -7.33827826e-01 -6.41735516e-01 -2.22881061e-01
 -5.26782604e-01 -7.42667906e-01 -4.13455699e-01 -1.93544918e-01
 -7.67570689e-01 -6.10804081e-01  4.82379082e-02 -1.32862285e-01
 -1.55045726e-01  5.65007167e-01 -4.11729233e-01 -7.15014683e-01
  7.78443564e-01 -1.50930660e-01 -6.09300163e-01  8.53011626e-01
  2.23198784e-02 -5.21414482e-01  8.96102363e-01  1.78323983e-01
 -4.06449488e-01  8.91479902e-01  3.21671197e-01 -3.19057200e-01
  8.55074110e-01  4.59482280e-01 -2.40259121e-01  8.11427174e-01
  5.61125584e-01 -1.63476910e-01  7.41695096e-01  6.61779104e-01
 -1.09256911e-01  6.53017960e-01  7.55567768e-01 -5.18216402e-02
  5.69620805e-01  8.21894110e-01 -4.73899635e-03  4.74176076e-01
  8.79006045e-01  5.00807963e-02  3.90408365e-01  9.16429545e-01
  8.79717968e-02  3.19716727e-01  9.37321657e-01  1.38598332e-01
  2.68946556e-01  9.45965445e-01  1.81155146e-01  2.47480515e-01
  9.42501430e-01  2.24598586e-01  2.74919461e-01  9.20945363e-01
  2.76186651e-01  3.57163307e-01  8.80673537e-01  3.11205537e-01
  4.68902623e-01  8.22634501e-01  3.21563175e-01]