[ 1.00000000e+04  9.34491850e+02  4.52528028e+02 -6.70507636e-01
  7.36916206e-01 -8.59245275e-02 -4.61945289e-01 -8.86431450e-01
 -2.97347656e-02 -8.70246759e-01  4.80417726e-01 -1.08947707e-01
 -9.66288164e-01  2.43982106e-01 -8.22654775e-02 -7.54369549e-01
  6.29464519e-01  1.86300834e-01 -7.88645275e-01  5.16537629e-01
  3.33514933e-01 -7.70103911e-01  3.70063381e-01  5.19611907e-01
  2.33039213e-01  9.71138173e-01 -5.08558686e-02  3.26819719e-01
  8.38961698e-01 -4.35125000e-01  8.04983804e-01  4.51446983e-01
 -3.84963446e-01  8.04435759e-01  5.78120464e-01 -1.36602907e-01
  4.40477650e-01  8.97706768e-01 -1.00999649e-02 -2.15656799e-01
  9.74782121e-01  5.73760834e-02 -8.14411674e-01  5.74359792e-01
  8.27313893e-02 -9.95605881e-01 -6.84185735e-02  6.39364547e-02
 -7.58117861e-01 -6.52116929e-01  9.15972905e-04 -1.64229987e-01
 -9.81994077e-01 -9.33608809e-02  5.16625287e-01 -8.44351414e-01
 -1.42017874e-01  8.99758415e-01 -4.14810584e-01 -1.35524858e-01
  9.94352572e-01  4.33293292e-02 -9.68792897e-02  8.91017774e-01
  4.51070507e-01 -5.12126013e-02  6.33531061e-01  7.73644296e-01
 -1.06261142e-02]