[ 9.56078353e+03  7.37874329e+02  5.25927749e+02 -4.43861969e-01
 -8.96005976e-01 -1.35647238e-02 -9.24529362e-03 -9.98730736e-01
 -5.00805250e-02 -9.76343594e-02 -9.94555711e-01 -3.64246113e-02
  6.26040028e-01 -7.76716804e-01 -6.91731561e-02  9.85377160e-01
 -1.56972085e-01 -6.62698111e-02  8.94601778e-01  4.45165963e-01
 -3.89222271e-02  5.44692150e-01  8.38600092e-01 -7.77347290e-03
  9.54674163e-02  9.95263118e-01  1.83662912e-02 -3.41773217e-01
  9.38999634e-01  3.83506390e-02 -6.90118840e-01  7.21817753e-01
  5.21068214e-02 -9.09162895e-01  4.12245470e-01  5.89618921e-02
 -9.95139461e-01  8.13685667e-02  5.54674976e-02 -9.76819800e-01
 -2.11343907e-01  3.40127030e-02 -8.97126664e-01 -4.41011226e-01
 -2.59398567e-02 -7.83669619e-01 -5.75557714e-01 -2.33656604e-01
 -3.11151554e-01 -5.24182887e-01 -7.92727688e-01  7.16054945e-01
  1.59918902e-01 -6.79478756e-01  8.28608139e-01  4.76748413e-01
 -2.93461315e-01  7.50200447e-01  6.42043919e-01 -1.58047221e-01
  6.05482928e-01  7.92986772e-01 -6.75459717e-02  3.98329144e-01
  9.17200370e-01 -8.79660713e-03  1.49677234e-01  9.88130816e-01
  3.45575746e-02]