[ 9.64269473e+03  5.81454835e+02  3.84276810e+02  9.53562053e-01
 -2.95328352e-01 -5.96038835e-02 -5.64838212e-01 -8.24996743e-01
  1.83964880e-02  9.98275983e-01 -3.26438140e-02 -4.87795382e-02
  8.99888726e-01  4.34592521e-01 -3.64640240e-02  6.29240306e-01
  7.76940738e-01 -2.04873608e-02  2.62414367e-01  9.64947000e-01
 -3.99837640e-03 -1.27857550e-01  9.91725937e-01  1.14940526e-02
 -4.78187923e-01  8.77883697e-01  2.56228040e-02 -7.44227636e-01
  6.66794069e-01  3.88702581e-02 -9.10439030e-01  4.10666159e-01
  4.95387340e-02 -9.86316493e-01  1.54767135e-01  5.68059394e-02
 -9.96061218e-01 -6.70207436e-02  5.80541244e-02 -9.69791310e-01
 -2.39423216e-01  4.67048855e-02 -9.31811589e-01 -3.62886826e-01
  6.40584807e-03 -8.78532952e-01 -4.62616566e-01 -1.19033668e-01
 -4.10325625e-01 -5.62338455e-01 -6.81538312e-01  8.44102050e-01
  1.07068998e-01 -5.25384275e-01  9.11255708e-01  2.89769456e-01
 -2.92657837e-01  8.94267007e-01  4.02930917e-01 -1.94764583e-01
  8.43396754e-01  5.20284995e-01 -1.34109925e-01  7.58036712e-01
  6.46073760e-01 -8.92695082e-02  6.34200054e-01  7.71276320e-01
 -5.40660755e-02]