With respect to sun
t, X, Y, Z, R
 9560.639539166295, -143121904789.01035, 39154619910.16606, -2326218.518543243, 148381144004.74005
 9579.094158269429, -148910569230.44376, -8052730530.229599, 497409.340583595, 149128146564.5392
 9597.548777372562, -139694449534.6386, -54886026468.69712, -12262158.094186695, 150090023927.87048
 9616.003396475699, -116651940711.63109, -96305176207.05043, -23812974.78600083, 151269173340.50153
 9634.458015578835, -82031520931.8334, -128749702343.79544, -64446083.03118397, 152661915464.5433
 9652.912634681968, -39676941725.682304, -149096638030.99258, -99035308.53007221, 154285699223.35754
 9671.367253785102, 6754027297.873558, -155909556535.9426, -150464912.52360606, 156055853282.29312
 9689.821872888238, 52614636172.342834, -148984943316.59442, -188660788.8490471, 158002686266.69012
 9708.276491991375, 94424316678.44893, -129184801920.72206, -226273474.86797553, 160014736281.2989
 9726.731111094508, 128531460996.2504, -98805220000.02509, -245394591.08786154, 162119919145.02466
 9745.185730197642, 152778519446.91385, -60242906693.376144, -249415045.16389793, 164227117185.69077
 9763.640349300775, 165468799872.18, -17099659411.859245, -234551071.22418597, 166350164103.7548
 9782.094968403908, 166138702825.65857, 27775235979.793503, -193575952.96827137, 168444559965.51288
 9800.549587507045, 155144051210.66946, 70719754505.26227, -138991527.3970791, 170502139640.4986
 9819.004206610181, 133469535808.07245, 109337215971.6218, -56726686.22462937, 172536219395.1297
 9837.458825713315, 103063096350.04024, 140823299628.52753, 29277543.97351656, 174508465137.6497
 9855.913444816448, 65795796387.98317, 163771071842.93787, 138625462.5503329, 176493824288.36575
 9874.368063919585, 24496824353.382263, 176723388961.58643, 239543496.06535003, 178413306652.15286
 9892.822683022721, -18716355270.03701, 179431484388.95496, 354391560.1976577, 180405335669.41962
 9911.277302125854, -60872396874.42006, 171875029534.46985, 449000873.2868779, 182336710731.81067
 9929.731921228988, -100173174251.12894, 154833356399.64526, 541773986.3275471, 184413466462.12927
 9948.18654033212, -134118816975.2674, 129491039000.95168, 605548361.1362, 186430021555.56635
 9966.641159435254, -161637721929.59918, 97314670401.67567, 655358005.5724123, 188672540980.64368
 9985.09577853839, -181075410450.5778, 60258534395.50362, 672384171.207994, 190839847353.25323
 10003.550397641528, -192251806101.7329, 20041418539.95376, 634000302.9208621, 193294638732.83194
 10022.00501674466, -194480508780.92383, -21120522259.851868, 566087151.6785142, 195624807248.15854
 10040.459635847794, -188420160340.72745, -61661508827.88373, 354883794.0521893, 198253434866.24362
 10058.91425495093, -174224233898.3585, -99551872177.43214, 128301931.69692785, 200660597509.54443
 10077.368874054067, -153010621957.55, -133621623295.88945, -511147353.6013644, 203143422033.9954
 10095.8234931572, -125650337158.11618, -162335731221.09674, -1130227064.7523594, 205285591974.33786
 10114.278112260334, -92992092420.21928, -184642248703.8994, -2109114800.522026, 206748005127.89725
 10132.732731363467, -56789001044.706116, -199920627961.46317, -3007808565.7349796, 207851617834.76575
 10151.1873504666, -17966498838.337383, -207433216536.7499, -3994616916.204348, 208248148533.42004
 10169.641969569737, 21526299176.280754, -207217928769.80548, -4832627180.18981, 208389073238.82806
 10188.096588672874, 60679297281.21469, -198913211456.9209, -5587663534.195741, 208037652347.88422
 10206.551207776007, 97564059986.25624, -183177674308.263, -6133927031.307905, 207630516126.14966
 10225.00582687914, 131168440924.53247, -160074485489.1126, -6487857256.097662, 207053358076.97537
 10243.460445982277, 159802670895.89005, -130908663345.46074, -6596011005.930997, 206682072578.98706
 10261.915065085414, 182623791022.3215, -96182955415.94919, -6459831110.48519, 206505058964.39203
 10280.369684188547, 198474296391.3515, -57785748156.17741, -6077078856.268614, 206804666063.0183
 10298.82430329168, 206909092433.32678, -16550865026.339417, -5419863988.218489, 207640744051.72473
With respect to Earth
 9560.639539166295, -0.003570556640625, -0.01226806640625, 7.278285920619965e-07, 0.012777101729336177
 9579.094158269429, -672782.9912109375, -1082028.286026001, 18132.899446188705, 1274264.8731976517
 9597.548777372562, -18137256.581695557, -427834265.098999, -15510013.417972203, 428499333.70465875
 9616.003396475699, -85305568.48658752, -837449494.1738586, -29517514.724577107, 842300408.9886144
 9634.458015578835, 12226721.052093506, -1605855227.445343, -72057901.02743714, 1607517603.4251382
 9652.912634681968, -90723362.51628876, -2557418086.837494, -107825014.48481682, 2561297373.039386
 9671.367253785102, 87658747.03018951, -4002370773.286621, -159593942.6439754, 4006510462.898917
 9689.821872888238, 328540948.4949341, -6178868886.404144, -197259181.74966875, 6190740751.7191105
 9708.276491991375, 1497734651.240921, -9075228965.890305, -233519018.05821037, 9200952179.0224
 9726.731111094508, 3852614617.881531, -12872442464.37828, -250588249.01622835, 13438943740.606577
 9745.185730197642, 8373844384.916229, -16766306905.584244, -252047674.28261095, 18742834499.21986
 9763.640349300775, 15434049237.514221, -20312234774.477882, -234356174.06634185, 25511794923.443645
 9782.094968403908, 25329527623.14502, -21796388216.55931, -190562934.0089925, 33417118713.773785
 9800.549587507045, 37717235302.61778, -20213761702.637512, -133454104.36844233, 42792567240.608795
 9819.004206610181, 51406603596.14876, -13665034667.676483, -49222385.12332045, 53191864872.39916
 9837.458825713315, 64844089610.17042, -1519816941.8154602, 37978072.15724179, 64861909031.74532
 9855.913444816448, 75405754805.25156, 16953331157.830688, 147616258.13800818, 77288194995.46135
 9874.368063919585, 80924935337.58723, 40840461807.96123, 247880181.4233165, 90646841779.86874
 9892.822683022721, 78609639088.55844, 68745634647.59254, 361194992.16586, 104429728059.38
 9911.277302125854, 67193697460.28908, 97948017587.76454, 453553321.5949229, 118781365703.43608
 9929.731921228988, 45393552192.654816, 125318897001.7002, 543594865.540059, 133288019048.10446
 9948.18654033212, 14092011829.804688, 147413373840.16266, 604440605.8289384, 148086639953.76788
 9966.641159435254, -25686562521.30652, 160884191462.62326, 651421601.6345916, 162923131896.13712
 9985.09577853839, -70847716156.15646, 163192960521.8872, 665998429.3975554, 177909484857.7487
 10003.550397641528, -118510119336.93585, 152304532877.11496, 625779997.1844133, 192981114932.9795
 10022.00501674466, -164341171070.13388, 127723627890.13123, 556819321.879451, 208138549235.5439
 10040.459635847794, -204769161563.63452, 89535343956.45047, 345452210.3616419, 223488493399.77975
 10058.91425495093, -235506470277.54657, 39603147673.11485, 119605624.21400754, 238813151132.24567
 10077.368874054067, -253386840168.84665, -19762439244.63983, -518275830.8057927, 254156867673.2689
 10095.8234931572, -255506005264.58273, -84670026073.116, -1135098413.6050534, 269172101990.33572
 10114.278112260334, -239773621501.318, -150668318418.114, -2111249592.3851857, 283190376103.49835
 10132.732731363467, -206128334679.03024, -212952973259.07245, -3006988175.0938325, 296389779100.6206
 10151.1873504666, -155030371097.03882, -266165107376.65424, -3990913017.9761205, 308049034626.0291
 10169.641969569737, -89438261308.3317, -305712268449.4591, -4826404437.334892, 318563161470.63257
 10188.096588672874, -12831422127.457123, -327076242175.09314, -5579551730.129632, 327375388486.5238
 10206.551207776007, 69120416795.13496, -327717896257.4284, -6124762165.95315, 334983826858.72656
 10225.00582687914, 150761087104.04544, -305874930213.64014, -6478595837.782082, 341072353793.1829
 10243.460445982277, 225373096958.18353, -262660278547.05182, -6587626944.004259, 346160153090.576
 10261.915065085414, 287297471196.68567, -200065617073.07507, -6453208639.301539, 350153869024.15216
 10280.369684188547, 331344572081.358, -122965182934.22684, -6072916256.217313, 353477781442.73956
 10298.82430329168, 354273263136.46655, -36293867085.83675, -5418600872.951088, 356168711423.1467