[ 9.56063954e+03  7.38184764e+02  5.25812079e+02 -4.01424064e-01
 -9.15812241e-01  1.21688585e-02 -7.64404649e-02 -9.90235607e-01
 -1.16678406e-01 -2.67496001e-02 -9.98973700e-01 -3.65522450e-02
  6.70644669e-01 -7.38224323e-01 -7.25299101e-02  9.91314856e-01
 -1.17698091e-01 -5.86686980e-02  8.79493670e-01  4.74669050e-01
 -3.43538253e-02  5.20228522e-01  8.53977735e-01 -9.18241426e-03
  7.18091380e-02  9.97231488e-01  1.93082444e-02 -3.59035794e-01
  9.32535637e-01  3.83483435e-02 -7.00424554e-01  7.11841040e-01
  5.18438470e-02 -9.14020178e-01  4.01692217e-01  5.66614535e-02
 -9.96271480e-01  7.32897609e-02  4.55165649e-02 -9.75044907e-01
 -2.19539328e-01  3.30142208e-02 -8.95782773e-01 -4.42451063e-01
 -4.25501593e-02 -7.92223046e-01 -5.71518199e-01 -2.13892776e-01
 -4.15638717e-01 -5.52368106e-01 -7.22590191e-01  6.96340501e-01
  1.61373777e-01 -6.99335474e-01  8.23775315e-01  4.53789703e-01
 -3.39807612e-01  7.62129226e-01  6.27367829e-01 -1.59902015e-01
  6.27012204e-01  7.76562826e-01 -6.16917683e-02  4.31735918e-01
  9.01934512e-01 -1.08743719e-02  1.93893905e-01  9.78763354e-01
  6.65392972e-02]