[ 9.64264071e+03  5.81618171e+02  3.84697225e+02  9.44508583e-01
 -3.25693308e-01 -4.28208948e-02 -5.54169060e-01 -8.30295565e-01
  5.92770116e-02  9.98170100e-01 -3.42177567e-02 -4.98705234e-02
  8.99837632e-01  4.34730926e-01 -3.60829558e-02  6.29460798e-01
  7.76800223e-01 -1.90098454e-02  2.62899634e-01  9.64818188e-01
 -3.12218925e-03 -1.28250993e-01  9.91674764e-01  1.15340690e-02
 -4.78185897e-01  8.77812899e-01  2.79866303e-02 -7.44302718e-01
  6.66723313e-01  3.86543213e-02 -9.10817885e-01  4.09800683e-01
  4.97413612e-02 -9.86521688e-01  1.53615997e-01  5.63656867e-02
 -9.95999220e-01 -6.92830578e-02  5.64412984e-02 -9.69494962e-01
 -2.41151958e-01  4.38974574e-02 -9.30302809e-01 -3.66793589e-01
  1.10239476e-03 -8.74485743e-01 -4.68068317e-01 -1.27229133e-01
 -3.90270182e-01 -5.39431316e-01 -6.50329860e-01  8.40171567e-01
  9.50103631e-02 -5.33933818e-01  9.09669709e-01  2.89122179e-01
 -2.98181524e-01  8.92228293e-01  4.05553073e-01 -1.98636734e-01
  8.42719713e-01  5.21097753e-01 -1.35212358e-01  7.57011927e-01
  6.47260264e-01 -8.93708646e-02  6.33607928e-01  7.71858814e-01
 -5.26801477e-02]