[ 9.64266156e+03  5.81573937e+02  3.84584590e+02  9.60920571e-01
 -2.78060229e-01 -4.14710811e-02 -5.73065368e-01 -8.20833006e-01
  2.82860871e-02  9.98220461e-01 -3.36596034e-02 -4.92235745e-02
  9.00107968e-01  4.34154784e-01 -3.62667514e-02  6.29365299e-01
  7.76852910e-01 -1.99741653e-02  2.62614088e-01  9.64894295e-01
 -3.58998903e-03 -1.28242421e-01  9.91668850e-01  1.21162503e-02
 -4.78470688e-01  8.77706472e-01  2.64045524e-02 -7.44267293e-01
  6.66766204e-01  3.85883538e-02 -9.10794564e-01  4.09938119e-01
  4.90321965e-02 -9.86453758e-01  1.53870816e-01  5.68579389e-02
 -9.96001830e-01 -6.83068089e-02  5.75722693e-02 -9.69409663e-01
 -2.41246163e-01  4.52278846e-02 -9.30821988e-01 -3.65461663e-01
  2.98451411e-03 -8.74908680e-01 -4.67628022e-01 -1.25941341e-01
 -3.96011132e-01 -5.46394996e-01 -6.57814502e-01  8.39718177e-01
  1.00089477e-01 -5.33723456e-01  9.08379905e-01  2.92244157e-01
 -2.99064436e-01  8.94849174e-01  4.01569043e-01 -1.94903526e-01
  8.43481032e-01  5.20155124e-01 -1.34084521e-01  7.57506177e-01
  6.46692285e-01 -8.92944965e-02  6.33541361e-01  7.71869008e-01
 -5.33257928e-02]