[ 1.02805493e+04  8.33769168e+02  6.90590873e+02 -4.86136767e-01
 -8.71589552e-01 -6.54342289e-02  5.74172222e-01 -7.14282114e-01
 -4.00279761e-01 -3.11810476e-01 -9.45785336e-01 -9.09114561e-02
  5.56275423e-02 -9.83620412e-01 -1.71454556e-01  3.86365173e-01
 -8.94927534e-01 -2.23224497e-01  6.44227842e-01 -7.24957981e-01
 -2.43749186e-01  8.27243061e-01 -5.08986171e-01 -2.37911821e-01
  9.38299591e-01 -2.69743526e-01 -2.16408993e-01  9.82315324e-01
 -2.50530858e-02 -1.85551384e-01  9.66093121e-01  2.13026168e-01
 -1.45896536e-01  8.93784343e-01  4.36325745e-01 -1.03792910e-01
  7.76756103e-01  6.26798377e-01 -6.14414760e-02  6.20306048e-01
  7.84200416e-01 -1.58294772e-02  4.35896512e-01  8.99592450e-01
  2.69865806e-02  2.36856755e-01  9.69088617e-01  6.90430334e-02
  3.15530322e-02  9.93285512e-01  1.11305052e-01 -1.69852019e-01
  9.73969956e-01  1.50110053e-01 -3.59567119e-01  9.14577221e-01
  1.85094694e-01 -5.30555135e-01  8.19712864e-01  2.15829134e-01
 -6.77524298e-01  6.94263563e-01  2.42815367e-01 -7.97890784e-01
  5.43430387e-01  2.60871842e-01 -8.89033704e-01  3.69646450e-01
  2.70150052e-01 -9.48078760e-01  1.74287717e-01  2.66028509e-01
 -9.69761518e-01 -4.45719727e-02  2.39952814e-01 -9.38860665e-01
 -2.90027294e-01  1.85539502e-01 -8.29261320e-01 -5.51252867e-01
  9.19047816e-02 -6.08755386e-01 -7.92310009e-01 -4.07791308e-02
 -2.93023810e-01 -9.37879623e-01 -1.85800879e-01  4.39313918e-02
 -9.53816477e-01 -2.97163671e-01  3.29501454e-01 -8.73053998e-01
 -3.59456570e-01  5.48107221e-01 -7.45558700e-01 -3.79107965e-01
  7.07453541e-01 -5.97993917e-01 -3.76717253e-01  8.23479932e-01
 -4.43098654e-01 -3.54323686e-01  9.02697658e-01 -2.82748940e-01
 -3.24330944e-01  9.49786070e-01 -1.18297317e-01 -2.89677903e-01
  9.67439128e-01  4.45044914e-02 -2.49161758e-01  9.56123823e-01
  2.06326563e-01 -2.07982302e-01  9.18242627e-01  3.60184217e-01
 -1.64615647e-01  8.55356655e-01  5.03251842e-01 -1.22892651e-01
  7.71449513e-01  6.31200660e-01 -8.03270352e-02  6.69060076e-01
  7.42237792e-01 -3.79975994e-02  5.51967366e-01  8.33863696e-01
  2.18320387e-03  4.24084468e-01  9.04601636e-01  4.29912815e-02
  2.91121814e-01  9.53159905e-01  8.20648400e-02  1.57826642e-01
  9.79996697e-01  1.21232366e-01  2.61937753e-02  9.86915333e-01
  1.59097503e-01 -9.94201369e-02  9.75741979e-01  1.95049411e-01
 -2.15910713e-01  9.48321952e-01  2.32525821e-01 -3.22150011e-01
  9.07954499e-01  2.68026863e-01 -4.14377138e-01  8.58612371e-01
  3.01789056e-01 -4.93889269e-01  8.02020510e-01  3.35912040e-01
 -5.59983231e-01  7.42398335e-01  3.67782072e-01]