[ 9.64266199e+03  5.81561088e+02  3.84550754e+02  9.30423527e-01
 -3.60393885e-01 -6.65460575e-02 -5.62199390e-01 -8.25743344e-01
  4.58980424e-02  9.98236479e-01 -3.35259973e-02 -4.89898278e-02
  9.00134351e-01  4.34079656e-01 -3.65110718e-02  6.29269904e-01
  7.76929902e-01 -1.99830260e-02  2.62525260e-01  9.64918822e-01
 -3.48632638e-03 -1.28111601e-01  9.91686348e-01  1.20669713e-02
 -4.78365633e-01  8.77768616e-01  2.62410645e-02 -7.44521086e-01
  6.66462680e-01  3.89342077e-02 -9.10813491e-01  4.09865438e-01
  4.92860335e-02 -9.86435193e-01  1.54166380e-01  5.63767806e-02
 -9.96013948e-01 -6.83722879e-02  5.72839212e-02 -9.69380579e-01
 -2.41342159e-01  4.53352269e-02 -9.30912848e-01 -3.65223135e-01
  3.66549685e-03 -8.75868348e-01 -4.66092168e-01 -1.24951841e-01
 -3.96586836e-01 -5.48223565e-01 -6.60947039e-01  8.39816527e-01
  1.01475581e-01 -5.33302727e-01  9.10069973e-01  2.90027148e-01
 -2.96069292e-01  8.93958214e-01  4.02891799e-01 -1.96257445e-01
  8.43272002e-01  5.20422576e-01 -1.34360355e-01  7.57518733e-01
  6.46685014e-01 -8.92406070e-02  6.33713466e-01  7.71720241e-01
 -5.34333383e-02]