[ 9.49700000e+03  1.02892459e+03  1.56556936e+03 -9.95202332e-01
 -9.61629031e-02  1.86725889e-02 -3.36049913e-01 -9.39619995e-01
 -6.47846096e-02 -8.56185075e-01 -5.16667964e-01  1.18575672e-03
 -1.30556817e-01 -9.90319511e-01 -4.71402752e-02  6.82550307e-01
 -7.27545953e-01 -6.92962607e-02  9.98947351e-01  1.60489012e-02
 -4.29735141e-02  7.08897100e-01  7.05152237e-01  1.50080928e-02
  8.19622530e-02  9.94586627e-01  6.38723741e-02 -5.49019277e-01
  8.31523198e-01  8.45404005e-02 -9.39173045e-01  3.34570542e-01
  7.75677875e-02 -9.56172847e-01 -2.92188736e-01  1.89746459e-02
 -5.90824412e-01 -8.02202426e-01 -8.60131408e-02  3.99623526e-02
 -9.74643472e-01 -2.20166259e-01  6.62140931e-01 -6.96485588e-01
 -2.76547141e-01  9.71105521e-01 -1.23048041e-01 -2.04482946e-01
  8.93964537e-01  4.45122084e-01 -5.19054226e-02  5.80329738e-01
  8.07147911e-01  1.08307769e-01  2.21291641e-01  9.45861531e-01
  2.37436943e-01 -5.83988127e-02  9.40827092e-01  3.33817764e-01
 -1.51028566e-01  8.99891438e-01  4.09128997e-01  3.92789094e-02
  9.24323034e-01  3.79587821e-01  2.70945452e-01  9.46493345e-01
  1.75352930e-01]