[ 1.00000000e+04  9.34312190e+02  4.52595249e+02 -6.62860544e-01
  7.42365105e-01 -1.02061016e-01 -4.35300957e-01 -9.00265591e-01
 -7.20307668e-03 -8.38159257e-01  5.34308578e-01 -1.09560728e-01
 -9.75059467e-01  2.06476510e-01 -8.14034355e-02 -8.25341737e-01
  5.32554998e-01  1.87607237e-01 -6.92795264e-01  6.26213124e-01
  3.57620786e-01 -7.38658513e-01  4.99809586e-01  4.52298551e-01
  5.63376516e-02  9.98170695e-01 -2.19895643e-02  4.65109356e-01
  7.56384432e-01 -4.59953291e-01  8.10434764e-01  4.57033992e-01
 -3.66490805e-01  7.95435868e-01  5.89287507e-01 -1.41499191e-01
  4.37181809e-01  8.99276805e-01 -1.31644392e-02 -2.15125584e-01
  9.74899649e-01  5.73731790e-02 -8.12899809e-01  5.76221928e-01
  8.46299879e-02 -9.95204415e-01 -7.00278098e-02  6.82956140e-02
 -7.49718282e-01 -6.61737178e-01  5.15389596e-03 -1.40008498e-01
 -9.86126942e-01 -8.91701398e-02  5.39743345e-01 -8.28941474e-01
 -1.46741925e-01  9.11640158e-01 -3.87276429e-01 -1.37583626e-01
  9.92648617e-01  7.03701760e-02 -9.84721616e-02  8.80689138e-01
  4.70587199e-01 -5.41695116e-02  6.21209127e-01  7.83536856e-01
 -1.30083230e-02]