[ 1.00000000e+04  9.34322554e+02  4.52591371e+02 -5.89729707e-01
  8.14356089e-01  1.27016818e-01 -4.32218485e-01 -9.01765081e-01
 -1.08466318e-02 -8.35003234e-01  5.38692047e-01 -1.12162805e-01
 -9.70192054e-01  2.24834622e-01 -9.04303730e-02 -8.49526925e-01
  4.98853544e-01  1.71607740e-01 -6.95489654e-01  6.45731437e-01
  3.15161717e-01 -7.16244650e-01  5.28714402e-01  4.55472510e-01
  2.49210328e-02  9.98452730e-01 -4.97106301e-02  4.44050689e-01
  7.54151908e-01 -4.83812569e-01  8.12871031e-01  4.49797682e-01
 -3.70032334e-01  7.97851008e-01  5.85630645e-01 -1.43078015e-01
  4.40449630e-01  8.97659317e-01 -1.45720274e-02 -2.10907992e-01
  9.75855924e-01  5.67776838e-02 -8.12054341e-01  5.77192427e-01
  8.61230163e-02 -9.95156675e-01 -6.80687570e-02  7.09228444e-02
 -7.49661134e-01 -6.61783595e-01  7.11962442e-03 -1.37548314e-01
 -9.86507888e-01 -8.87858037e-02  5.42364784e-01 -8.27086312e-01
 -1.47542473e-01  9.12064410e-01 -3.86085944e-01 -1.38117160e-01
  9.92536225e-01  7.04147800e-02 -9.95676298e-02  8.81034988e-01
  4.69792971e-01 -5.54250015e-02  6.22010843e-01  7.82890741e-01
 -1.35874412e-02]