 run, tof, wet mass
 0, 934.3121701244156, 751.2230743843115
 1, 935.6998486606298, 752.0858656849135
 2, 949.7129782451278, 760.9128117332483
 3, 737.8650064068461, 646.4723621271189
 4, 934.3121909633619, 751.2230874284575
 5, 934.3121887921403, 751.2230859627338
 6, 737.8649935538652, 646.4723562248938
 7, 934.3225540817299, 751.2295231449407
 8, 737.8650506736155, 646.4723824155941
 9, 934.3129471460574, 751.2235569332506
 10, 737.8650275420073, 646.4723718205541
 11, 737.8650523303978, 646.4723831500844
 12, 934.3121979184943, 751.223091647322
 13, 934.3121849444078, 751.2230836148294
 14, 946.4922561968954, 758.865464865888
 15, 934.3128791418274, 751.2235147657733
 16, 934.3122011253367, 751.2230936407099
 17, 970.7119393500913, 774.5419335476877
 18, 737.8650527635779, 646.472383388937
 19, 934.3121933377862, 751.223088795443
 mean 878.6470456649307, 721.8739257638347
 std 92.54435655930929, 49.65159448478838