[ 9.49700000e+03  9.06893825e+02  6.69229827e+02 -9.98129232e-01
 -4.10443253e-02  4.53190758e-02 -3.22561636e-01 -9.06121619e-01
 -2.73692020e-01 -9.79347531e-01 -1.99859208e-01  3.05839036e-02
 -8.68222758e-01 -4.95828054e-01  1.85444405e-02 -6.63710369e-01
 -7.47989764e-01  6.72239749e-04 -3.81578185e-01 -9.24172961e-01
 -1.73935445e-02 -5.53274852e-02 -9.97773806e-01 -3.72336522e-02
  2.78629213e-01 -9.58804693e-01 -5.53158031e-02  5.73966914e-01
 -8.16076728e-01 -6.76819716e-02  8.00890376e-01 -5.94534800e-01
 -7.14357688e-02  9.42364275e-01 -3.27304751e-01 -6.94418078e-02
  9.97108777e-01 -4.51444720e-02 -6.11234593e-02  9.72572852e-01
  2.27444554e-01 -4.86932023e-02  8.81990717e-01  4.70128039e-01
 -3.27418152e-02  7.39684977e-01  6.72710961e-01 -1.80595187e-02
  5.60064463e-01  8.28448908e-01 -4.73901417e-04  3.56406223e-01
  9.34189974e-01  1.62415388e-02  1.39067898e-01  9.89757758e-01
  3.22525588e-02 -7.75719997e-02  9.95838148e-01  4.78450668e-02
 -2.85569429e-01  9.56393845e-01  6.13294669e-02 -4.76552687e-01
  8.76032983e-01  7.39192112e-02 -6.43755112e-01  7.60530064e-01
  8.46965851e-02 -7.80295386e-01  6.18669740e-01  9.15840669e-02
 -8.83288160e-01  4.58505445e-01  9.78509017e-02 -9.53086177e-01
  2.86888477e-01  9.65507425e-02 -9.89455033e-01  1.14584012e-01
  8.85975940e-02 -9.95905322e-01 -5.55372731e-02  7.13348036e-02
 -9.74841838e-01 -2.18943852e-01  4.17977847e-02 -9.28508754e-01
 -3.71158581e-01 -1.06248775e-02 -8.52283521e-01 -5.14088528e-01
 -9.65713689e-02 -7.26901030e-01 -6.47699388e-01 -2.28255512e-01
 -5.11780328e-01 -7.51651817e-01 -4.16044377e-01 -1.61403100e-01
 -7.65627518e-01 -6.22706000e-01  3.68628781e-02 -8.96352751e-02
 -1.04375998e-01  5.76835995e-01 -4.01571888e-01 -7.11337384e-01
  7.66169273e-01 -1.75123514e-01 -6.18317564e-01  8.61152322e-01
  1.71178781e-02 -5.08059755e-01  8.95834974e-01  1.80657368e-01
 -4.06008679e-01  8.92166272e-01  3.23873488e-01 -3.14873648e-01
  8.59679647e-01  4.52201184e-01 -2.37623672e-01  8.06183565e-01
  5.67302410e-01 -1.68036323e-01  7.36080965e-01  6.68335328e-01
 -1.07297794e-01  6.54151577e-01  7.54507634e-01 -5.29474110e-02
  5.64377671e-01  8.25515099e-01 -1.71642149e-03  4.74811407e-01
  8.78869880e-01  4.62820276e-02  3.88679508e-01  9.16619753e-01
  9.34744732e-02  3.16617486e-01  9.38239598e-01  1.39502954e-01
  2.65316619e-01  9.45487599e-01  1.88841153e-01  2.49321234e-01
  9.39102337e-01  2.36486695e-01  2.77891280e-01  9.18919681e-01
  2.79934938e-01  3.55023070e-01  8.80702454e-01  3.13558940e-01
  4.67341253e-01  8.22674694e-01  3.23724665e-01]