[ 9.56073433e+03  7.37864868e+02  5.25931274e+02 -4.43655856e-01
 -8.97637891e-01  4.52128924e-03 -2.74238988e-02 -9.97614188e-01
 -6.63390603e-02 -9.93813495e-02 -9.94311999e-01 -3.83123993e-02
  6.23529685e-01 -7.78406577e-01 -7.27722908e-02  9.84778479e-01
 -1.59569760e-01 -6.89166972e-02  8.95152362e-01  4.44016512e-01
 -3.94035390e-02  5.45458407e-01  8.38107382e-01 -7.23499644e-03
  9.55255755e-02  9.95235546e-01  1.95265978e-02 -3.41906566e-01
  9.38872523e-01  4.02301891e-02 -6.90365010e-01  7.21453858e-01
  5.38575699e-02 -9.09273044e-01  4.11799063e-01  6.03683363e-02
 -9.95159768e-01  8.05357290e-02  5.63265247e-02 -9.76325857e-01
 -2.13870459e-01  3.23679386e-02 -8.99590239e-01 -4.35349026e-01
 -3.47798913e-02 -7.85946963e-01 -5.76902320e-01 -2.22428449e-01
 -3.03390142e-01 -5.38771111e-01 -7.85926517e-01  7.25964349e-01
  1.91795374e-01 -6.60448538e-01  8.23698907e-01  4.71062374e-01
 -3.15632003e-01  7.51881178e-01  6.40271934e-01 -1.57251274e-01
  6.04955936e-01  7.93468515e-01 -6.66052908e-02  3.97682131e-01
  9.17502563e-01 -6.16236229e-03  1.48522046e-01  9.88202903e-01
  3.73681274e-02]