[ 1.00000000e+04  9.34312182e+02  4.52595252e+02 -6.64727340e-01
  7.39482250e-01 -1.06569228e-01 -4.46936048e-01 -8.94541809e-01
 -8.81134888e-03 -8.38250183e-01  5.33976446e-01 -1.10481644e-01
 -9.75091262e-01  2.06415281e-01 -8.11892454e-02 -8.25230668e-01
  5.32566627e-01  1.88066086e-01 -6.93086020e-01  6.25983496e-01
  3.57463509e-01 -7.38762605e-01  5.00663408e-01  4.51183634e-01
  5.80433048e-02  9.98054328e-01 -2.27920450e-02  4.64438538e-01
  7.56206963e-01 -4.60929564e-01  8.11118436e-01  4.55715168e-01
 -3.66621251e-01  7.95255849e-01  5.89460795e-01 -1.41791985e-01
  4.36972583e-01  8.99377255e-01 -1.32511599e-02 -2.15345661e-01
  9.74856622e-01  5.72784311e-02 -8.12968698e-01  5.76092056e-01
  8.48518736e-02 -9.95193413e-01 -7.00690110e-02  6.84144459e-02
 -7.49864059e-01 -6.61568413e-01  5.58500936e-03 -1.40325045e-01
 -9.86128813e-01 -8.86504622e-02  5.39810785e-01 -8.28955999e-01
 -1.46411921e-01  9.11742406e-01 -3.87129657e-01 -1.37318786e-01
  9.92637838e-01  7.05985872e-02 -9.84176646e-02  8.80494486e-01
  4.70953671e-01 -5.41491247e-02  6.20952410e-01  7.83739175e-01
 -1.30793814e-02]