With respect to sun
t, X, Y, Z, R
 10000.0, -81436915260.56427, -127543644341.09442, 7924183.770011434, 151325319896.4291
 10023.357828398173, -26777779058.950577, -149508352736.8197, 8686348.585237596, 151887448674.5364
 10046.715656796347, 31406504256.612312, -148304739328.6755, -65754754.17176341, 151593761549.26263
 10070.073485194516, 84753824031.96504, -124361596991.44641, -130086226.12803091, 150495961463.19162
 10093.431313592686, 124080687117.36444, -80785618162.21635, -229725740.02163133, 148062101130.85773
 10116.78914199086, 142953453016.32404, -24003594783.502792, -291453009.6254535, 144954983483.4173
 10140.146970389033, 136165070186.46362, 37230663650.37247, -170023411.193624, 141163301047.73013
 10163.504798787206, 103695051224.66818, 91292678827.28214, -16795344.343145102, 138155771280.21628
 10186.86262718538, 49963517536.95074, 127378891063.07431, 394879399.535487, 136827960968.74321
 10210.220455583552, -14075918674.951561, 137167519810.27808, 724999065.4958832, 137889758869.51086
 10233.578283981726, -75934748423.31189, 119668571757.3493, 1239456863.1301112, 141732809673.24075
 10256.936112379895, -123807234008.81776, 79755788824.08807, 1524017274.1890507, 147280479604.45648
 10280.293940778065, -151118951952.1675, 27129675800.824768, 1537856264.9336922, 153542573737.94073
 10303.651769176238, -156127230256.53354, -29668584735.046093, 1323953387.4260864, 158926680580.47815
 10327.009597574412, -139874073383.59326, -82013070848.85535, 574871107.9314579, 162145708150.9373
 10350.367425972585, -105989644719.1141, -124072686062.64844, -247258273.7148528, 163180566707.98294
 10373.725254370758, -58345390177.85599, -150404659460.71677, -1330980783.7194927, 161330461018.20654
 10397.083082768928, -3305941270.207718, -157500900266.7445, -2243497980.5066357, 157551566528.88477
 10420.440911167098, 52717589480.97236, -142507935503.7849, -2961846323.5486903, 151975091563.9782
 10443.79873956527, 100554833624.07132, -105883646358.81577, -3227532607.5073667, 146058337995.93896
 10467.156567963444, 131411829138.21985, -50548540554.00206, -2951760516.737119, 140829459559.21454
 10490.514396361617, 137277549329.70245, 14209832713.841644, -2117373351.5113418, 138027273267.40155
 10513.87222475979, 115386441675.42639, 76911177119.7074, -808474080.1538141, 138672324992.38577
 10537.23005315796, 70581421791.87361, 124485691374.97882, 663165531.1360521, 143104382350.05432
 10560.58788155613, 12068591003.094345, 150201081494.94675, 2097234085.6209614, 150699748380.21957
 10583.945709954303, -48598669015.64191, 152562334425.6991, 3210144595.989593, 160148061317.76285
 10607.303538352477, -104102416837.42462, 134925783372.75177, 3972180560.2045693, 170464243841.77026
 10630.66136675065, -148469924458.6253, 102556352174.61282, 4304766064.372097, 180498351380.23306
 10654.019195148823, -180075449079.29175, 60059920616.86117, 4248659243.7336116, 189874728521.1532
 10677.377023546993, -197547230545.64368, 12751039692.486076, 3857595433.3707356, 197995904886.9966
 10700.734851945163, -201456901966.58313, -36505365059.76164, 3107678077.5458164, 204761282207.24152
 10724.092680343336, -192713200296.0807, -83514566043.72015, 2161807282.857028, 210042218900.2878
 10747.45050874151, -172179091581.7196, -126560542280.34842, 935922265.4047952, 213691568365.9253
 10770.808337139682, -142124943320.9104, -162631470421.56744, -342145842.3197024, 215982896890.54218
 10794.166165537856, -103467069343.9593, -190423686461.255, -1751431631.2356787, 216724900085.0639
 10817.523993936029, -59331986623.94057, -208138366724.948, -3068062259.4249735, 216451558889.5125
 10840.881822334202, -10931225503.803368, -214708223917.72247, -4332007708.646301, 215029950006.28546
 10864.239650732372, 38051176992.60569, -209651480256.3887, -5361132970.766308, 213144028748.0458
 10887.597479130542, 85931050902.81442, -192388460085.96545, -6156359828.829181, 210796977800.56818
 10910.955307528715, 128863460613.29488, -164086531578.81494, -6597936163.038518, 208743177345.77856
 10934.313135926888, 164918756012.36078, -125142638692.08386, -6665595683.785518, 207131133027.61063
With respect to Earth
 10000.0, 0.0, 0.0, 0.0, 0.0
 10023.357828398173, -1873655.1860198975, 1332508.7873840332, -624172.2481381781, 2382384.1881402736
 10046.715656796347, -569860628.8458214, 392305465.4555969, -75036156.10629688, 695898799.5808702
 10070.073485194516, -1122512991.8434448, 956385451.0270691, -137926457.93724915, 1481125334.1944726
 10093.431313592686, -2609492830.0506287, 2075923480.9948883, -234921755.8764354, 3342768218.1712275
 10116.78914199086, -5045748920.028381, 3669172408.0844154, -293192290.37809825, 6245668102.241162
 10140.146970389033, -10002096424.317535, 5416416246.71804, -168019234.05913532, 11375751768.65558
 10163.504798787206, -17359552578.500977, 5091026855.94548, -11352510.206535231, 18090681276.645885
 10186.86262718538, -26336401902.991646, 813900166.6768341, 402889092.9135038, 26352055295.525
 10210.220455583552, -33047040393.946293, -8857795649.319366, 734261410.9606473, 34221434253.751625
 10233.578283981726, -34424419014.50209, -21457728885.690613, 1248428858.6651387, 40583658386.51023
 10256.936112379895, -28757966448.601868, -32861301239.06656, 1531193092.2372782, 43694740022.90554
 10280.293940778065, -18337821090.51715, -38225457386.36635, 1542030055.1113985, 42424510974.619286
 10303.651769176238, -7429827581.249512, -36995279562.78322, 1324422352.586079, 37757213117.27881
 10327.009597574412, 718688200.5617371, -30096514909.7414, 571540544.523833, 30110519441.483368
 10350.367425972585, 4211720481.319168, -21109454188.334213, -253878474.31405196, 21527008612.9463
 10373.725254370758, 4303735031.244835, -12392314390.504883, -1339874471.441301, 13186616502.025774
 10397.083082768928, 2169098220.0123444, -5591985944.860321, -2253309131.8429313, 6407237777.640444
 10420.440911167098, 178579372.92295074, 204596075.04873657, -2971084142.0417237, 2983469645.471646
 10443.79873956527, -2018375290.2222748, 5967304844.206009, -3234788910.8887444, 7081414068.805265
 10467.156567963444, -5517839221.93895, 13366596554.546356, -2955916231.7375627, 14759738950.951265
 10490.514396361617, -12819330062.499847, 20324830957.88063, -2117771827.8179455, 24122995963.031513
 10513.87222475979, -24255810024.38803, 24293666957.994064, -805037721.695143, 34339112684.204403
 10537.23005315796, -36211365786.76773, 21608074369.23883, 669899156.289531, 42173696245.04409
 10560.58788155613, -44439884161.09039, 13898408245.505539, 2106175169.5392935, 46610138702.37518
 10583.945709954303, -45470729117.3192, 5443959937.863037, 3219816419.537814, 45908508187.92964
 10607.303538352477, -41867880198.45674, 1580702605.4717407, 3980966171.747216, 42086412352.443
 10630.66136675065, -37523814909.10536, 5273999683.961395, 4311189694.473197, 38137096305.05389
 10654.019195148823, -38800352018.73651, 14985216541.282555, 4251642075.2744718, 41810291698.37545
 10677.377023546993, -49022050578.86435, 27277272877.19214, 3856632056.6107836, 56232416535.24783
 10700.734851945163, -69512667764.40668, 35323006864.851105, 3102904055.4339743, 78034311730.65045
 10724.092680343336, -98125312424.56824, 34340229449.811005, 2153957116.5273876, 103983017018.8605
 10747.45050874151, -129594525236.64148, 19108732840.006317, 926198360.3018581, 130999017116.40384
 10770.808337139682, -158061521571.1567, -11391595355.419891, -352263458.036686, 158471881214.53827
 10794.166165537856, -175508922091.66052, -56574286066.702774, -1760405204.055378, 184410223697.64682
 10817.523993936029, -176520069596.92352, -112024378808.34631, -3074519851.8692994, 209089093666.35587
 10840.881822334202, -155285174175.9266, -171053071863.49417, -4334947067.460922, 231065857449.47968
 10864.239650732372, -111002621783.74442, -225221643810.91165, -5360082361.230835, 251147568904.56525
 10887.597479130542, -44205916928.695496, -264685577872.67487, -6151471074.427727, 268422165295.04056
 10910.955307528715, 38655051309.34433, -281401941977.3452, -6589986304.710169, 284120914154.24786
 10934.313135926888, 129448866400.4514, -268173786757.08746, -6655882534.4933405, 297856491767.94977