[ 1.00000000e+04  9.34313136e+02  4.52594895e+02 -7.26783452e-01
  6.14725704e-01 -3.06431185e-01 -4.58242320e-01 -8.88830025e-01
  5.92197856e-03 -8.38150568e-01  5.34334731e-01 -1.09499355e-01
 -9.75223415e-01  2.05857276e-01 -8.10099154e-02 -8.25917691e-01
  5.31460270e-01  1.88177914e-01 -6.91131718e-01  6.28175972e-01
  3.57400351e-01 -7.39064961e-01  5.00787783e-01  4.50550644e-01
  5.60411028e-02  9.98173318e-01 -2.26132739e-02  4.64544937e-01
  7.56793755e-01 -4.59849440e-01  8.10997111e-01  4.55957576e-01
 -3.66587774e-01  7.95455301e-01  5.89261332e-01 -1.41498979e-01
  4.37219522e-01  8.99260109e-01 -1.30518304e-02 -2.15103494e-01
  9.74912188e-01  5.72428215e-02 -8.12840407e-01  5.76278911e-01
  8.48124381e-02 -9.95253359e-01 -6.95782923e-02  6.80435005e-02
 -7.50038074e-01 -6.61375104e-01  5.10447200e-03 -1.40228175e-01
 -9.86100133e-01 -8.91214805e-02  5.39915342e-01 -8.28882713e-01
 -1.46440847e-01  9.11676297e-01 -3.87226768e-01 -1.37483671e-01
  9.92660786e-01  7.05050135e-02 -9.82529517e-02  8.80760257e-01
  4.70321033e-01 -5.53135526e-02  6.21152943e-01  7.83574553e-01
 -1.34148020e-02]