[ 9.64266035e+03  5.81561147e+02  3.84551532e+02  9.54136877e-01
 -2.93982806e-01 -5.66529678e-02 -5.61314934e-01 -8.26906803e-01
  3.64222500e-02  9.98230229e-01 -3.35297430e-02 -4.91142909e-02
  8.99984296e-01  4.34403340e-01 -3.63618165e-02  6.29412590e-01
  7.76812898e-01 -2.00406064e-02  2.62619110e-01  9.64893369e-01
 -3.47427644e-03 -1.28075082e-01  9.91690643e-01  1.21022031e-02
 -4.78405902e-01  8.77744136e-01  2.63260666e-02 -7.44477536e-01
  6.66513587e-01  3.88961804e-02 -9.10833494e-01  4.09833241e-01
  4.91872515e-02 -9.86431406e-01  1.54176673e-01  5.64148631e-02
 -9.96017112e-01 -6.83126430e-02  5.73003417e-02 -9.69372559e-01
 -2.41359748e-01  4.54128432e-02 -9.30926608e-01 -3.65186819e-01
  3.77560416e-03 -8.75765352e-01 -4.66169887e-01 -1.25390652e-01
 -3.96950913e-01 -5.48038144e-01 -6.60778462e-01  8.40106157e-01
  1.01194803e-01 -5.32905085e-01  9.10033349e-01  2.89911139e-01
 -2.96296124e-01  8.93925266e-01  4.02954533e-01 -1.96279012e-01
  8.43239355e-01  5.20474658e-01 -1.34363549e-01  7.57524459e-01
  6.46669603e-01 -8.93036018e-02  6.33679426e-01  7.71748138e-01
 -5.34342147e-02]