[ 9.50107497e+03  1.16264680e+03  1.49684356e+03 -9.55273618e-01
 -2.92604736e-01 -4.28856966e-02 -1.12644290e-01 -9.52606507e-01
  2.83317214e-01 -6.57164808e-01 -7.53293218e-01 -2.61485388e-02
  2.19866469e-01 -9.75046429e-01  3.07117147e-02  9.26106065e-01
 -3.75382409e-01 -3.76245241e-02  9.08564274e-01  4.13623801e-01
 -5.85349450e-02  2.68163177e-01  9.63372572e-01  1.34295291e-03
 -5.43711311e-01  8.38560545e-01 -3.45586826e-02 -9.78756629e-01
  2.04945361e-01  5.73238375e-03 -8.38225173e-01 -5.38925191e-01
 -8.32960613e-02 -2.21289689e-01 -9.74645381e-01 -3.31249126e-02
  4.07887939e-01 -9.12720344e-01  2.38540797e-02  8.73092759e-01
 -4.79669313e-01 -8.73292429e-02  9.97795783e-01  5.58506619e-02
 -3.58374107e-02  8.65705910e-01  4.97528021e-01 -5.49472860e-02
  5.40750591e-01  8.24604899e-01  1.66179311e-01  1.58397885e-01
  9.52051584e-01  2.61740135e-01 -7.88560807e-02  9.27502865e-01
  3.65405128e-01 -4.90500703e-01  7.15356392e-01  4.97670178e-01
 -6.73600998e-01  3.94597602e-01  6.24943845e-01  5.77235240e-01
  1.04812645e-01 -1.95768434e-01  6.16557399e-01  5.30164536e-01
 -5.82055541e-01]