[ 9.64265428e+03  5.81579236e+02  3.84597412e+02  9.57482784e-01
 -2.83460157e-01 -5.36385068e-02 -5.63768341e-01 -8.24373542e-01
  5.07385158e-02  9.98236454e-01 -3.38835439e-02 -4.87438820e-02
  8.99876847e-01  4.34623804e-01 -3.63848162e-02  6.29267030e-01
  7.76938484e-01 -1.97403612e-02  2.63160474e-01  9.64746936e-01
 -3.18632509e-03 -1.28255433e-01  9.91662681e-01  1.24829375e-02
 -4.78097023e-01  8.77925458e-01  2.58929623e-02 -7.44543238e-01
  6.66439778e-01  3.89029780e-02 -9.10673234e-01  4.10140168e-01
  4.95948575e-02 -9.86479383e-01  1.54009068e-01  5.60338711e-02
 -9.96061433e-01 -6.78928749e-02  5.70329912e-02 -9.69173114e-01
 -2.42155313e-01  4.54448916e-02 -9.31216281e-01 -3.64452769e-01
  3.74740510e-03 -8.77448375e-01 -4.63181966e-01 -1.24687228e-01
 -3.89890795e-01 -5.49120074e-01 -6.57283655e-01  8.37772932e-01
  9.56419494e-02 -5.37577625e-01  9.10182498e-01  2.90861710e-01
 -2.94904767e-01  8.92576863e-01  4.05222061e-01 -1.97744208e-01
  8.42788462e-01  5.21310373e-01 -1.33954168e-01  7.57558862e-01
  6.46721650e-01 -8.86343715e-02  6.33219033e-01  7.72130752e-01
 -5.33679109e-02]