With respect to sun
t, X, Y, Z, R
 9642.673133525517, -63888402953.05103, -137427703291.03284, 8234473.957031481, 151552306915.94946
 9657.210130561933, -28993013081.93638, -149080362403.71088, 8783820.067737129, 151873464894.78207
 9671.747127598348, 7982171686.724667, -151877363798.10388, -8470877.464271765, 152086977650.4672
 9686.284124634767, 44486306137.11666, -145680628673.71674, -25224711.33978505, 152321625650.40024
 9700.821121671186, 78694251340.21486, -130739449656.46643, -53370401.214824215, 152596172097.70483
 9715.358118707602, 108291742567.00916, -108133653454.90297, -78389627.77093333, 153035926052.1469
 9729.895115744017, 131829685953.3677, -78955908658.75908, -106218116.025181, 153665587862.026
 9744.432112780436, 147803942577.99225, -45241793705.98564, -127953663.571311, 154573095043.97397
 9758.969109816855, 155543444364.13315, -8608457694.235542, -143871308.32988682, 155781543603.48657
 9773.50610685327, 154713538178.24286, 28508265237.644466, -151864757.0280746, 157318222547.15097
 9788.043103889686, 145555549951.2566, 64488713652.17555, -147071464.79366502, 159201865378.96094
 9802.580100926101, 128875992678.12167, 97150109385.67395, -134679760.95616305, 161391398101.19278
 9817.117097962517, 105613847369.85846, 125347945750.38428, -105649016.39899231, 163909741692.85883
 9831.654094998936, 77341004893.36368, 147620289436.06232, -71603690.7923382, 166653490867.1002
 9846.191092035355, 45276445862.545944, 163514732004.48132, -18976196.52300389, 169667393722.3574
 9860.72808907177, 11264850402.356476, 172428980901.36002, 34482655.401877046, 172796561014.16653
 9875.265086108186, -23584751837.349335, 174539794406.75467, 106401552.15789989, 176126067554.10126
 9889.802083144605, -57545713285.39546, 169980857167.9178, 174280260.70262823, 179457603056.1934
 9904.339080181024, -89848765653.9328, 159345415646.8431, 259144547.23388273, 182931214758.70895
 9918.87607721744, -119096163888.60393, 143268931527.72778, 335192946.9310314, 186306187091.00787
 9933.413074253855, -144928785710.47754, 122532893031.0737, 424782336.690215, 189786309416.96408
 9947.95007129027, -166338112561.77917, 98045377728.76534, 501410806.2254787, 193084217887.9154
 9962.487068326685, -183356811277.09564, 70601535547.69667, 583722153.5234903, 196480629566.7582
 9977.024065363104, -195326589727.91138, 41205750371.103065, 649966605.9721911, 199626684025.3836
 9991.561062399524, -202592916385.96347, 10556611234.790424, 702167149.4055104, 202868984443.7493
 10006.098059435939, -204787601782.17764, -20362747984.39257, 736795062.6627945, 205798800327.25168
 10020.635056472354, -202483333672.1784, -51013980627.65318, 700240731.5197916, 208811917695.22974
 10035.172053508773, -195528335666.2068, -80498385743.77368, 647598479.6741445, 211451506354.39108
 10049.709050545192, -184435638715.747, -108480617957.54321, 260303067.0476666, 213973402689.73322
 10064.246047581608, -169404673816.59656, -134150469668.34114, -132593849.87470901, 216088661443.10538
 10078.783044618023, -150450896117.46686, -156980948101.58527, -782535418.4595926, 217437583161.47314
 10093.320041654439, -128435779775.20634, -176619517404.31375, -1416594576.6595168, 218385462416.32617
 10107.857038690854, -103384852456.46677, -192563714672.464, -2169583148.4366097, 218572457132.50674
 10122.394035727273, -76263753366.64615, -204652076805.23926, -2879129115.671038, 218419142940.19855
 10136.931032763692, -47154020197.34396, -212422929692.35733, -3631064643.439453, 217623958493.31604
 10151.468029800108, -17089074642.518415, -215884760950.4925, -4309317299.613584, 216602947113.78607
 10166.005026836523, 13769650405.671265, -214628408540.8264, -4968646711.132243, 215127042640.395
 10180.542023872942, 44337028105.13491, -208866423010.65985, -5523619893.612634, 213591818895.74454
 10195.079020909361, 74360007281.63246, -198273094201.37253, -6008424706.191316, 211843649266.53043
 10209.616017945777, 102746135378.51044, -183323176315.6276, -6361138151.784092, 210248946223.88943
 10224.153014982192, 129171626934.14879, -163822751865.11737, -6600371015.915144, 208726539115.232
With respect to Earth
 9642.673133525517, 0.0076751708984375, -0.0036468505859375, 2.207234501838684e-07, 0.008497515375984525
 9657.210130561933, 850837.2900619507, -436799.2248535156, -162245.84074830078, 970072.8683107877
 9671.747127598348, 355084367.6751976, -12452202.340209961, -17597723.968442358, 355738169.7249902
 9686.284124634767, 689533706.8711777, -31719225.24581909, -33991084.39967491, 691099295.3117287
 9700.821121671186, 1322105440.0505981, 66909841.79071045, -61255188.961077854, 1325213914.7000008
 9715.358118707602, 1938382955.328186, 65862925.65351868, -84921443.70108862, 1941359847.653894
 9729.895115744017, 2842238952.965805, 182821746.7403717, -111002700.23747653, 2850275014.1516814
 9744.432112780436, 3938720121.794342, 81177212.51448059, -130697884.29322931, 3941723972.40319
 9758.969109816855, 5535157286.26059, 151185539.88989258, -144402476.0504467, 5539104198.893987
 9773.50610685327, 7772188197.7977295, 171316428.21668625, -150143911.15865058, 7775525827.532261
 9788.043103889686, 10812220312.709488, 820973573.5689545, -143199325.23183104, 10844289361.03298
 9802.580100926101, 14806514666.570236, 2161830126.29599, -128894228.72469892, 14964056929.473337
 9817.117097962517, 19477074539.744095, 5089580465.7404175, -98313522.23595804, 20131317082.909615
 9831.654094998936, 24674304938.478867, 9829327065.102661, -63186355.01659304, 26560139067.129574
 9846.191092035355, 29492828859.00124, 17128676162.834259, -10020641.108049143, 34105990699.74117
 9860.72808907177, 33392014040.572777, 26995307208.08716, 43393025.633765966, 42939202320.25143
 9875.265086108186, 35005960088.297844, 39567956598.61189, 114683089.40648498, 52830422895.3747
 9889.802083144605, 33680875503.748383, 54290812172.80817, 181389119.34257478, 63889956668.436935
 9904.339080181024, 28077220867.080444, 70469164529.59482, 264613759.45566416, 75857125581.97559
 9918.87607721744, 17906692121.444077, 86955424247.18915, 338663397.4539983, 88780685521.3318
 9933.413074253855, 2375571291.7077637, 102393623201.61769, 426025277.1026664, 102422062607.8853
 9947.95007129027, -18065355185.365906, 115361058965.58864, 500340572.6893385, 116768066372.29257
 9962.487068326685, -43398614103.59192, 124292969746.09958, 580398808.4023349, 131653024641.2672
 9977.024065363104, -72338839889.16928, 127957404452.7793, 644589126.6110216, 146991226289.00394
 9991.561062399524, -104093014953.85358, 125071271012.18553, 695058424.469809, 162722652697.77335
 10006.098059435939, -136732843324.22195, 114994751466.1875, 728380303.920733, 178662233967.23663
 10020.635056472354, -168953834827.04593, 97077680102.32027, 691021010.8379033, 194858799613.59344
 10035.172053508773, -198521708744.49915, 71513329766.06412, 638121037.8132083, 211010502998.13156
 10049.709050545192, -223775337834.37164, 38438817518.773895, 251129899.53757125, 227052873977.30777
 10064.246047581608, -242760678865.9522, -1024504678.2092743, -140917770.79379505, 242762881576.05927
 10078.783044618023, -253469474693.48987, -45547051303.88457, -789513028.5859698, 257530448325.42557
 10093.320041654439, -254973635221.84937, -93519524134.15312, -1421805487.945118, 271586961364.80612
 10107.857038690854, -245841165397.71072, -142785469423.41266, -2172709045.6244383, 284306682206.3207
 10122.394035727273, -226000700106.67636, -191209728546.97253, -2879974456.3620334, 296050284567.6458
 10136.931032763692, -194991786492.32956, -236136075373.49353, -3629571276.824959, 306260047475.8665
 10151.468029800108, -153855052919.65536, -275277250086.8866, -4305571637.943388, 315384653512.8774
 10166.005026836523, -103334552365.35974, -305964651681.5087, -4962878262.466446, 322981466885.92566
 10180.542023872942, -45663847955.575325, -326336564740.39307, -5516190363.142743, 329562086491.74603
 10195.079020909361, 17241400679.3621, -334327923089.6594, -5999807530.548356, 334825960381.2631
 10209.616017945777, 82208090143.66003, -329145650474.937, -6351889217.769483, 339316041189.14325
 10224.153014982192, 146551041733.8953, -309907278334.0725, -6591092323.119353, 342874862735.27563