[ 9.64267313e+03  5.81479881e+02  3.84336736e+02  9.12596567e-01
 -3.90949263e-01 -1.19692171e-01 -5.48405536e-01 -8.36211664e-01
 -1.36755430e-03  9.98250915e-01 -3.33521361e-02 -4.88139749e-02
  9.00352779e-01  4.33691898e-01 -3.57244458e-02  6.29728259e-01
  7.76556779e-01 -2.00505820e-02  2.63457008e-01  9.64663956e-01
 -3.72689076e-03 -1.27163223e-01  9.91806571e-01  1.22169333e-02
 -4.78044113e-01  8.77963517e-01  2.55718580e-02 -7.44157514e-01
  6.66887710e-01  3.86055951e-02 -9.10575425e-01  4.10443303e-01
  4.88761547e-02 -9.86271485e-01  1.55308935e-01  5.61054217e-02
 -9.96013093e-01 -6.82320370e-02  5.74668232e-02 -9.69923737e-01
 -2.39091303e-01  4.56455916e-02 -9.31009165e-01 -3.64936126e-01
  6.63221797e-03 -8.79288597e-01 -4.62112614e-01 -1.15345098e-01
 -3.89719563e-01 -5.74910643e-01 -6.74187136e-01  8.37199974e-01
  1.21055675e-01 -5.33334501e-01  9.09762285e-01  2.92038059e-01
 -2.95039219e-01  8.93114364e-01  4.05117899e-01 -1.95517020e-01
  8.43246740e-01  5.20900397e-01 -1.32656683e-01  7.57343115e-01
  6.46853473e-01 -8.95106744e-02  6.33502661e-01  7.71908136e-01
 -5.32216433e-02]