[ 9.64265210e+03  5.81566026e+02  3.84562999e+02  9.52572604e-01
 -2.98410353e-01 -5.96672393e-02 -6.29184066e-01 -7.74106828e-01
  6.99736337e-02  9.98242037e-01 -3.35531273e-02 -4.88573286e-02
  9.00085049e-01  4.34191409e-01 -3.63970270e-02  6.29274207e-01
  7.76920162e-01 -2.02258475e-02  2.62556080e-01  9.64910534e-01
 -3.46537768e-03 -1.28214444e-01  9.91672295e-01  1.21294229e-02
 -4.78716356e-01  8.77582983e-01  2.60543678e-02 -7.44626522e-01
  6.66359824e-01  3.86773289e-02 -9.10939164e-01  4.09569614e-01
  4.94232264e-02 -9.86498366e-01  1.53818676e-01  5.62212236e-02
 -9.95971538e-01 -6.90114902e-02  5.72551811e-02 -9.69295272e-01
 -2.41656583e-01  4.54839025e-02 -9.30896915e-01 -3.65263095e-01
  3.74050667e-03 -8.75478423e-01 -4.67154078e-01 -1.23716144e-01
 -3.95939295e-01 -5.44485360e-01 -6.62602404e-01  8.40291470e-01
  9.98448385e-02 -5.32862119e-01  9.09788579e-01  2.90339465e-01
 -2.96627295e-01  8.93862246e-01  4.03238967e-01 -1.95981482e-01
  8.43402572e-01  5.20215749e-01 -1.34341826e-01  7.57692408e-01
  6.46480444e-01 -8.92488796e-02  6.33815817e-01  7.71646803e-01
 -5.32816891e-02]