With respect to sun
t, X, Y, Z, R
 10000.0, -81436915260.56427, -127543644341.09442, 7924183.770011434, 151325319896.4291
 10023.35790039433, -26777466326.3852, -149508115851.2828, 9088542.21753164, 151887160388.43735
 10046.715800788661, 31407734895.244926, -148304070813.96942, -69749330.14185017, 151593364288.19666
 10070.073701182988, 84755724966.80661, -124360302927.28212, -137863327.7743472, 150495969597.56592
 10093.431601577315, 124082541068.28014, -80788131557.95007, -244196843.94502425, 148065049321.85944
 10116.789501971645, 142956000120.64056, -24010096677.49804, -310231330.76552516, 144958611184.1376
 10140.147402365976, 136167867685.41888, 37222097083.69008, -199486693.00196493, 141163778981.16104
 10163.505302760303, 103697624534.95457, 91283513061.32867, -51358015.79172666, 138151654816.9292
 10186.86320315463, 49967256420.9315, 127375688296.1692, 357818832.976828, 136826242795.2884
 10210.22110354896, -14072346650.17308, 137169920052.3847, 693088836.3716451, 137891617872.7168
 10233.57900394329, -75927396123.5816, 119680193660.52545, 1223829494.4281716, 141738548021.91104
 10256.936904337617, -123798961315.79715, 79776801648.55368, 1527669016.155765, 147284943822.3943
 10280.294804731944, -151114246056.3031, 27155700707.526955, 1517820160.1452036, 153542343410.9309
 10303.652705126275, -156126538863.48672, -29641283796.12448, 1283126032.570263, 158920572157.88547
 10327.010605520605, -139864428673.21402, -81988102168.78589, 527796151.84576607, 162124599842.53394
 10350.368505914932, -105965564835.41911, -124048960639.0241, -294678725.12698174, 163146965653.86255
 10373.726406309259, -58301893234.45648, -150378502614.96747, -1375943238.2705405, 161290725161.85388
 10397.08430670359, -3243295563.5000916, -157461594099.77176, -2280133238.452997, 157511496691.95132
 10420.44220709792, 52789341811.36247, -142443115818.82953, -2988057302.3844075, 151939739171.47443
 10443.80010749225, 100619345937.22754, -105788443021.42981, -3239054447.8335924, 146034033456.0742
 10467.15800788658, 131451261492.2981, -50430991326.31064, -2949466065.260218, 140824068909.19278
 10490.515908280908, 137282141533.78758, 14329226774.021217, -2101670561.4302742, 138043942797.91125
 10513.873808675235, 115361537011.69174, 77009725476.17944, -782270591.1944782, 138706142570.88364
 10537.231709069565, 70547515557.98453, 124554880926.46167, 694599222.8106272, 143148010052.84512
 10560.589609463896, 12042739606.779152, 150248101578.49887, 2124996037.5249035, 150744934287.4881
 10583.947509858222, -48610360706.68577, 152600136112.88016, 3230161175.3337092, 160188022807.33188
 10607.30541025255, -104102466759.40952, 134963754298.94193, 3984095603.571294, 170494608646.8353
 10630.66331064688, -148463993260.55545, 102598284748.88254, 4307483034.695123, 180517366860.85696
 10654.02121104121, -180069102191.9144, 60106112613.566925, 4245311817.6280084, 189883250999.51758
 10677.379111435537, -197542801433.4277, 12798604440.05935, 3848481449.8002057, 197994377403.12024
 10700.737011829864, -201457473098.4885, -36459546512.22963, 3096769311.62493, 204753515181.73035
 10724.094912224195, -192717268337.09647, -83473071539.94128, 2149765390.4513245, 210029332901.04642
 10747.452812618525, -172185929489.07886, -126526304672.55452, 925717035.0397334, 213676758305.94934
 10770.810713012852, -142132165010.71222, -162604904852.74734, -349960660.1225202, 215967659350.34573
 10794.168613407179, -103473125270.66876, -190404880969.34348, -1758111023.2571118, 216711322511.3064
 10817.52651380151, -59335493787.95068, -208126391673.37125, -3073235251.862488, 216441078607.8991
 10840.88441419584, -10931644410.944946, -214700696679.22052, -4335933839.725241, 215022534461.69885
 10864.242314590167, 38053952962.37719, -209647555978.13657, -5363575136.544859, 213140725817.27332
 10887.600214984494, 85935042966.24005, -192384497097.69543, -6157635637.773729, 210795025581.22736
 10910.958115378824, 128868284078.89116, -164082385677.0493, -6597961097.37313, 208742896936.7633
 10934.316015773155, 164922628908.7768, -125137319722.46846, -6665579147.974129, 207131002650.2148
With respect to Earth
 10000.0, 0.0, 0.0, 0.0, 0.0
 10023.35790039433, -1740307.4987831116, 1602757.876953125, -221980.76010824926, 2376295.112210235
 10046.715800788661, -568986281.0718498, 392897459.93637085, -79030727.43258956, 695959523.2130605
 10070.073701182988, -1121061578.6389313, 957367366.1931152, -145703540.2221314, 1481405028.5405464
 10093.431601577315, -2608032531.5928345, 2072792564.4318237, -249392821.22444835, 3340733374.6183147
 10116.789501971645, -5043357026.0112, 3661763276.1763153, -311970554.55834115, 6240295346.334296
 10140.147402365976, -9999044376.655884, 5406767491.652237, -197482447.60868117, 11368949928.301847
 10163.505302760303, -17356205767.91429, 5080809376.397583, -45915114.98040039, 18084651248.372322
 10186.86320315463, -26331369339.310806, 809937630.9528656, 365828574.8879661, 26346362951.941494
 10210.22110354896, -33041787420.119884, -8855603978.15036, 702351195.6513705, 34215124359.503036
 10233.57900394329, -34415258860.96395, -21445577107.013794, 1232801456.9053545, 40568985929.551895
 10256.936904337617, -28748102930.01735, -32838966047.980316, 1534844750.4962254, 43671579563.640724
 10280.294804731944, -18332097066.854645, -38197429052.222946, 1521993822.726857, 42396059183.19066
 10303.652705126275, -7428978467.668396, -36965563552.73602, 1283594843.189426, 37726518863.60454
 10327.010605520605, 727476441.4179382, -30069102870.74453, 524465431.3674409, 30082473857.928215
 10350.368505914932, 4233947976.1572876, -21083687331.296814, -301299057.67162156, 21506719137.768223
 10373.726406309259, 4344580501.69928, -12364920913.524017, -1384837006.665959, 13178938594.153957
 10397.08430670359, 2228647090.2130775, -5552554488.623779, -2289944399.031431, 6406369842.001531
 10420.44220709792, 247255921.81163025, 268275966.39135742, -2997295048.2424684, 3019418005.383315
 10443.80010749225, -1956400495.2203217, 6060141818.020905, -3246310598.6442466, 7147821644.046107
 10467.15800788658, -5479914057.316101, 13480801509.116982, -2953621563.3878264, 14848749029.581274
 10490.515908280908, -12814832905.044296, 20440351557.810516, -2102068785.3847861, 24216659707.10209
 10513.873808675235, -24279210887.33011, 24388415874.846695, -778833984.0853547, 34422107613.72246
 10537.231709069565, -36242245785.87097, 21674210626.76581, 701333048.864599, 42234626243.667885
 10560.589609463896, -44461555003.24143, 13943741963.878845, 2133937233.5212505, 46645594662.069725
 10583.947509858222, -45477713953.24396, 5481877613.23288, 3239832992.89484, 45921345433.26659
 10607.30541025255, -41863486015.576385, 1620729323.0630493, 3992881081.2096715, 42084692279.30363
 10630.66331064688, -37514503865.19325, 5319712963.148788, 4313906416.323174, 38134592364.816055
 10654.02121104121, -38792343732.000824, 15036371053.932854, 4248294321.3350244, 41820884631.173706
 10677.379111435537, -49018057215.72473, 27330206077.45783, 3847517716.817888, 56254008657.353516
 10700.737011829864, -69515806484.91588, 35373728754.37698, 3091994962.6560717, 78059646873.9489
 10724.094912224195, -98133767024.1007, 34385341009.60306, 2141914981.566593, 104005652281.38048
 10747.452812618525, -129606958151.24408, 19144656486.54402, 915993015.3119017, 131016489482.85176
 10770.810713012852, -158074725055.99164, -11365647682.997375, -360078236.72655964, 158483205120.03137
 10794.168613407179, -175520423193.05542, -56558442920.79059, -1767084399.5012348, 184416374031.07285
 10817.52651380151, -176527584013.8557, -112017394079.29091, -3079692510.5212116, 209091771717.69196
 10840.88441419584, -155287415436.36682, -171051904806.79193, -4338872771.000344, 231066573410.91443
 10864.242314590167, -110999021804.5781, -225224512754.6132, -5362524068.374464, 251148602726.57303
 10887.600214984494, -44198390577.17316, -264687743655.25647, -6152746467.719055, 268423090772.79312
 10910.958115378824, 38665721359.81192, -281402173904.45123, -6590010940.344033, 284122596304.165
 10934.316015773155, 129460054072.41495, -268170223748.1247, -6655865876.88754, 297858145861.6215