[ 1.00000000e+04  9.34316016e+02  4.52593818e+02 -6.63055028e-01
  7.41676385e-01 -1.01896163e-01 -4.47721930e-01 -8.94172555e-01
  2.33966420e-03 -8.37237200e-01  5.34281607e-01 -1.16520609e-01
 -9.75970942e-01  1.99773105e-01 -8.70148537e-02 -8.27975572e-01
  5.32967346e-01  1.74383037e-01 -6.86486495e-01  6.36649353e-01
  3.51312567e-01 -7.32271491e-01  5.04968941e-01  4.56935200e-01
  5.39898151e-02  9.95428049e-01 -7.88262140e-02  4.77459779e-01
  7.55808972e-01 -4.48092209e-01  8.11218905e-01  4.52414973e-01
 -3.70467024e-01  7.93400042e-01  5.91090379e-01 -1.45357620e-01
  4.38461603e-01  8.98594565e-01 -1.67242200e-02 -2.18510219e-01
  9.74128623e-01  5.76798462e-02 -8.13159405e-01  5.76358634e-01
  8.11336441e-02 -9.95082250e-01 -6.99295243e-02  7.01522378e-02
 -7.50913498e-01 -6.60346493e-01  8.45937937e-03 -1.43217479e-01
 -9.85963891e-01 -8.58137706e-02  5.38431147e-01 -8.30230479e-01
 -1.44254494e-01  9.11238631e-01 -3.87705834e-01 -1.39027697e-01
  9.92526419e-01  7.16942815e-02 -9.87489009e-02  8.79283998e-01
  4.73028100e-01 -5.57162881e-02  6.19995480e-01  7.84473022e-01
 -1.44182509e-02]