With respect to sun
t, X, Y, Z, R
 10000.0, -81436915260.56427, -127543644341.09442, 7924183.770011434, 151325319896.4291
 10023.357805028132, -26777701030.156815, -149508061036.20425, 9145320.020498773, 151887147813.4431
 10046.715610056264, 31407155227.47018, -148303467237.5483, -65807351.23569929, 151592651948.465
 10070.0734150844, 84754838348.05438, -124359111044.65768, -130641924.88042569, 150494478937.05228
 10093.431220112536, 124081672058.80132, -80781530810.17569, -231548267.19081452, 148060699294.38843
 10116.789025140668, 142953748685.3875, -23998241898.01287, -294239900.12436026, 144954394395.33835
 10140.1468301688, 136164679319.27135, 37236949337.1588, -173750547.63992608, 141164586491.4814
 10163.504635196932, 103694816417.72488, 91299026924.51202, -20757868.598478377, 138159790460.7471
 10186.862440225064, 49962973792.78402, 127382634884.13957, 392464903.0728596, 136831240763.73997
 10210.2202452532, -14075875988.08191, 137169762213.93607, 724636405.2359226, 137891983264.3632
 10233.578050281336, -75934929101.96309, 119669624857.77713, 1240675118.2405596, 141733806292.18387
 10256.935855309468, -123807921820.47519, 79756023532.02, 1526599447.2911584, 147281211636.16727
 10280.2936603376, -151119075121.20056, 27129148210.33806, 1539926533.465278, 153542622492.36862
 10303.651465365732, -156126853281.26, -29669770073.842617, 1325204536.0340223, 158926541958.2428
 10327.009270393864, -139872315278.83212, -82014478133.71167, 576448267.843118, 162144908947.5571
 10350.367075422, -105986519626.4903, -124074007180.20175, -245554206.28439927, 163179538843.43893
 10373.724880450136, -58340985247.820145, -150405259619.62183, -1328910329.9385462, 161329410473.09766
 10397.082685478268, -3300693589.4971695, -157500383972.13116, -2241323159.1593904, 157550909419.92142
 10420.4404905064, 52722656924.61286, -142505760364.86325, -2960036573.808442, 151974774574.19223
 10443.798295534536, 100558931567.03986, -105880062576.99991, -3226360542.544259, 146058535428.65787
 10467.156100562672, 131414585010.1619, -50544369049.09625, -2951576256.601906, 140830530064.9076
 10490.513905590804, 137279071771.73698, 14213605409.793755, -2118222808.3870797, 138029188917.13086
 10513.871710618936, 115387773680.77771, 76913970967.8198, -809799865.6424721, 138674990610.66275
 10537.229515647068, 70583608076.19458, 124487841410.30257, 661616400.0661716, 143107323796.9019
 10560.5873206752, 12071914799.021606, 150203368843.41553, 2095853766.0483036, 150702275171.39426
 10583.945125703336, -48594587823.45185, 152565607103.71582, 3209165717.100983, 160149920953.01318
 10607.302930731472, -104098250439.40839, 134929998567.14369, 3972163362.853195, 170465035534.14224
 10630.660735759604, -148466295077.7662, 102561310395.72818, 4305722644.143192, 180498206117.66626
 10654.018540787736, -180073027675.83398, 60065563249.86972, 4250952333.909333, 189874268347.79626
 10677.376345815868, -197546138918.8224, 12756901608.29287, 3861045137.1777234, 197995260574.4129
 10700.734150844, -201456302302.81476, -36499798837.79739, 3111980420.890468, 204759765273.50964
 10724.091955872136, -192712881548.87943, -83509595628.77884, 2166688991.6485376, 210040000519.2847
 10747.449760900272, -172179467156.72668, -126556713568.08102, 940734786.962765, 213689624552.68396
 10770.807565928404, -142125753317.2279, -162628823035.0183, -337669780.58972836, 215981429429.99878
 10794.165370956536, -103468092324.76422, -190422100279.82358, -1747565982.9254403, 216723963583.1022
 10817.523175984668, -59333106416.22326, -208137818982.22455, -3065010742.137722, 216451295904.01062
 10840.8809810128, -10932416743.641167, -214708456714.8939, -4330157679.828207, 215030205753.23898
 10864.238786040936, 38049978923.78342, -209652546418.7159, -5360585748.027839, 213144849798.2397
 10887.596591069072, 85929578428.55933, -192389638115.31183, -6156043749.646734, 210797443479.98657
 10910.954396097204, 128861837716.403, -164087848348.42664, -6597872257.559904, 208743208544.83368
 10934.312201125336, 164917498832.76193, -125144365211.11827, -6665601050.004704, 207131175352.0112
With respect to Earth
 10000.0, 0.0, 0.0, 0.0, 0.0
 10023.357805028132, -1737397.850177765, 1613379.5057983398, -165200.11684332602, 2376727.9604821126
 10046.715610056264, -569094005.500557, 393602394.9546814, -75088754.67760229, 696009449.2819492
 10070.0734150844, -1121352760.2500916, 958972721.3985596, -138482162.97436616, 1481970985.80543
 10093.431220112536, -2608380107.9148407, 2080211280.6057434, -236744295.56720564, 3344693352.28341
 10116.789025140668, -5045402868.320038, 3674819783.8580513, -295979199.3662184, 6248839430.961885
 10140.1468301688, -10002569916.589401, 5423053213.528069, -171746392.66234663, 11379385216.979383
 10163.504635196932, -17360038462.572952, 5097716342.088638, -15315056.104649615, 18093034070.529835
 10186.862440225064, -26337365575.47628, 817890612.3859711, 400474580.69679266, 26353105137.723263
 10210.2202452532, -33047543344.6293, -8855485539.194275, 733898746.2160747, 34221314302.927185
 10233.578050281336, -34425186526.107605, -21456847778.591522, 1249647124.5058908, 40583881059.932335
 10256.935855309468, -28759170648.117493, -32861495768.229004, 1533775292.5107255, 43695769442.141556
 10280.2936603376, -18338274751.566254, -38226635288.59661, 1544100365.0606065, 42425843683.87613
 10303.651465365732, -7429501810.658478, -36997248836.15492, 1325673551.3581212, 37759122460.19119
 10327.009270393864, 720724307.3244934, -30098715315.185326, 573117755.4210391, 30112797464.09023
 10350.367075422, 4215446853.6076813, -21111437965.077225, -252174364.0534766, 21529663189.162544
 10373.724880450136, 4309000627.500275, -12393315972.59668, -1337803991.4728856, 13189066939.098404
 10397.082685478268, 2175351137.07127, -5591510333.091553, -2251134307.494786, 6408178059.714548
 10420.4404905064, 184645224.25700378, 207141177.82476807, -2969274415.877931, 2982212581.8222246
 10443.798295534536, -2013453654.125473, 5971656737.718643, -3233616895.4494405, 7083146055.037109
 10467.156100562672, -5514594096.974884, 13371853606.323593, -2955732041.9989862, 14763250618.594776
 10490.513905590804, -12817776746.658463, 20329860982.79964, -2118621366.6074023, 24126483473.60599
 10513.871710618936, -24254966132.126465, 24297694117.23152, -806363587.8965732, 34341396938.986546
 10537.229515647068, -36210161802.76047, 21611215525.87039, 668349960.0059168, 42174247426.08639
 10560.5873206752, -44437917366.86353, 13901243017.111252, 2104794813.5842156, 46609046531.03587
 10583.945125703336, -45468175776.60639, 5447194997.833191, 3218837542.5905256, 45906294306.14484
 10607.302930731472, -41865156376.777985, 1584250518.7437744, 3980949017.85926, 42083834464.566185
 10630.660735759604, -37521282658.0475, 5277730708.10257, 4312146354.897312, 38135229118.47258
 10654.018540787736, -38798469945.00046, 14989248347.627762, 4253935271.8646336, 41810223646.82087
 10677.376345815868, -49020817548.86252, 27281392182.762245, 3860081876.0482173, 56233576666.244026
 10700.734150844, -69511234696.96654, 35326981435.07536, 3107206504.878176, 78035005597.9679
 10724.091955872136, -98123569824.2953, 34344025727.804245, 2158838904.054962, 103982727621.79831
 10747.449760900272, -129593084679.37296, 19112014214.969635, 931010919.0703403, 130998104816.06122
 10770.807565928404, -158060389864.18988, -11388747450.657288, -347787408.9993582, 158470537856.71457
 10794.165370956536, -175508177536.05255, -56571738352.84314, -1756539619.5505273, 184408696632.57245
 10817.523175984668, -176519888584.57468, -112022211238.27686, -3071468442.9267135, 209087734683.36127
 10840.8809810128, -155285773817.47818, -171051240156.22025, -4333097177.421399, 231064869766.52878
 10864.238786040936, -111004087260.07568, -225220504878.24854, -5359535287.366236, 251147183588.73187
 10887.596591069072, -44208536574.22182, -264684766460.7271, -6151155130.169131, 268421789376.0478
 10910.954396097204, 38651530650.73689, -281401837637.67883, -6589922496.194262, 284120330363.762
 10934.312201125336, 129445234855.518, -268174943210.23907, -6655887940.252487, 297855954845.43933