[ 1.00000000e+04  9.34312201e+02  4.52595245e+02 -6.61727280e-01
  7.46698652e-01 -7.30208182e-02 -4.33703983e-01 -9.00943251e-01
 -2.08196458e-02 -8.37411053e-01  5.35220425e-01 -1.10834378e-01
 -9.75039536e-01  2.06236760e-01 -8.22474305e-02 -8.25581884e-01
  5.32215593e-01  1.87513013e-01 -6.93992130e-01  6.24226744e-01
  3.58782224e-01 -7.40062750e-01  4.99996003e-01  4.49793700e-01
  5.76869717e-02  9.98034162e-01 -2.45373562e-02  4.65672813e-01
  7.57127936e-01 -4.58159198e-01  8.11101745e-01  4.56224337e-01
 -3.66024519e-01  7.95071455e-01  5.89728071e-01 -1.41713060e-01
  4.37436144e-01  8.99152222e-01 -1.32301613e-02 -2.14914835e-01
  9.74926710e-01  5.77037976e-02 -8.12978182e-01  5.76067389e-01
  8.49287285e-02 -9.95197520e-01 -6.99406555e-02  6.84850411e-02
 -7.50370707e-01 -6.60994352e-01  5.56199355e-03 -1.39453604e-01
 -9.86204547e-01 -8.91842008e-02  5.39247054e-01 -8.29256894e-01
 -1.46785747e-01  9.11711660e-01 -3.87132172e-01 -1.37515841e-01
  9.92624172e-01  7.07405475e-02 -9.84536327e-02  8.80454661e-01
  4.71003312e-01 -5.43664996e-02  6.21480279e-01  7.83317721e-01
 -1.32596898e-02]