[ 9.49700000e+03  1.02890537e+03  1.56558124e+03 -9.94472555e-01
 -1.01405106e-01  3.06903299e-02 -2.79580690e-01 -9.57433161e-01
 -7.23289468e-02 -8.57062309e-01 -5.15208469e-01  2.42461443e-03
 -1.31477670e-01 -9.90152789e-01 -4.80752461e-02  6.83647077e-01
 -7.26327376e-01 -7.12612002e-02  9.98780370e-01  2.18745940e-02
 -4.42650404e-02  7.04724747e-01  7.09390221e-01  1.13552831e-02
  7.73130628e-02  9.95037930e-01  6.26307719e-02 -5.53426561e-01
  8.28257123e-01  8.78047880e-02 -9.41205252e-01  3.29097625e-01
  7.63428478e-02 -9.54918592e-01 -2.96268816e-01  1.88505897e-02
 -5.86161381e-01 -8.05308763e-01 -8.88408394e-02  4.25896499e-02
 -9.76018696e-01 -2.13488168e-01  6.61415891e-01 -6.97871184e-01
 -2.74785063e-01  9.71196336e-01 -1.18382054e-01 -2.06801233e-01
  8.92070284e-01  4.48881322e-01 -5.21254639e-02  5.80410744e-01
  8.07324605e-01  1.06538087e-01  2.21064994e-01  9.46276812e-01
  2.35989221e-01 -6.00802815e-02  9.39267433e-01  3.37887018e-01
 -1.53999765e-01  8.98266330e-01  4.11586394e-01  3.98490409e-02
  9.24872936e-01  3.78187140e-01  2.76660763e-01  9.45969355e-01
  1.69121667e-01]