[ 9.56073846e+03  7.37865051e+02  5.25931206e+02 -4.31710522e-01
 -9.01915999e-01 -2.51328992e-02 -2.50075147e-02 -9.98186483e-01
 -5.51920286e-02 -1.00255604e-01 -9.94234365e-01 -3.80379215e-02
  6.22999377e-01 -7.78794301e-01 -7.31551999e-02  9.84736727e-01
 -1.59989763e-01 -6.85348355e-02  8.95215821e-01  4.43887117e-01
 -3.94067723e-02  5.45400590e-01  8.38145719e-01 -7.06825885e-03
  9.57958646e-02  9.95203240e-01  1.98413504e-02 -3.41631457e-01
  9.38969817e-01  4.02947923e-02 -6.90371443e-01  7.21428800e-01
  5.41088864e-02 -9.09282019e-01  4.11748556e-01  6.05752073e-02
 -9.95135677e-01  8.06422393e-02  5.65873361e-02 -9.76243456e-01
 -2.14188051e-01  3.27450294e-02 -8.99444533e-01 -4.35621521e-01
 -3.51214771e-02 -7.84786429e-01 -5.78296128e-01 -2.22899184e-01
 -3.05509757e-01 -5.38781413e-01 -7.85098391e-01  7.26007015e-01
  1.95873316e-01 -6.59202326e-01  8.24245918e-01  4.69767568e-01
 -3.16128343e-01  7.52664479e-01  6.39217011e-01 -1.57790355e-01
  6.05438118e-01  7.93100613e-01 -6.66041586e-02  3.97607124e-01
  9.17536159e-01 -6.00176336e-03  1.48398270e-01  9.88207201e-01
  3.77423472e-02]