[ 1.00000000e+04  9.34408857e+02  4.52559081e+02 -6.87130175e-01
  7.18795038e-01 -1.05770398e-01 -4.43833107e-01 -8.96065112e-01
 -8.92646846e-03 -8.44415534e-01  5.28342034e-01 -8.84146830e-02
 -9.74046384e-01  2.12488261e-01 -7.79912200e-02 -7.84946028e-01
  5.48065187e-01  2.88936792e-01 -7.13370496e-01  6.29736603e-01
  3.07465373e-01 -7.54284467e-01  3.97076677e-01  5.22863027e-01
  1.82782819e-01  9.75853646e-01  1.19583501e-01  5.58225452e-01
  6.64215021e-01 -4.97195023e-01  7.76211857e-01  5.23903704e-01
 -3.50742820e-01  7.78624865e-01  6.13820536e-01 -1.30260093e-01
  4.24106411e-01  9.05599083e-01 -4.91387780e-03 -2.23687683e-01
  9.72855921e-01  5.92889552e-02 -8.15121613e-01  5.73536755e-01
  8.14393950e-02 -9.95819090e-01 -6.86355128e-02  6.02786580e-02
 -7.55406956e-01 -6.55236047e-01 -5.10478787e-03 -1.50615086e-01
 -9.83831448e-01 -9.69060560e-02  5.38263722e-01 -8.29141817e-01
 -1.50983570e-01  9.15492662e-01 -3.78694001e-01 -1.35882683e-01
  9.92085847e-01  8.30990402e-02 -9.41288002e-02  8.75224097e-01
  4.81224858e-01 -4.90450843e-02  6.13200329e-01  7.89884309e-01
 -8.25470809e-03]