[ 1.00000000e+04  1.09119001e+03  1.52709151e+03 -4.47488013e-01
  8.11923961e-01 -3.74970785e-01  7.72641292e-01 -6.17303952e-01
 -1.48486335e-01 -5.36333692e-01  6.58772867e-01 -5.27605319e-01
 -3.02571673e-01  9.51862576e-01 -4.91152615e-02 -2.07509442e-01
  6.86808507e-01  6.96589500e-01  8.70207609e-01 -1.83421006e-01
 -4.57269591e-01 -3.01155403e-01 -6.93525534e-01  6.54472765e-01
  5.24972267e-01 -6.78427920e-01 -5.13945462e-01  8.64689745e-01
 -2.51260530e-01 -4.34949986e-01  9.04487092e-01  3.86434759e-01
 -1.80475985e-01  4.28510696e-01  9.02817471e-01  3.60451863e-02
 -2.95338852e-01  9.37603648e-01  1.83505832e-01 -8.54958045e-01
  4.65144243e-01  2.29538217e-01 -9.44872751e-01 -2.94376657e-01
  1.43381181e-01 -4.32937527e-01 -9.00281022e-01 -4.53783271e-02
  3.10423103e-01 -9.33587288e-01 -1.79031507e-01  8.27267307e-01
 -5.27127463e-01 -1.94333572e-01  9.89433991e-01  4.91892514e-02
 -1.36385101e-01  8.08022487e-01  5.87117805e-01 -4.89122534e-02
  3.78365063e-01  9.24808933e-01  3.96023155e-02 -1.44766241e-01
  9.83290367e-01  1.10375677e-01 -6.08349269e-01  7.79191937e-01
  1.50901039e-01]