[ 9.64269899e+03  5.81535849e+02  3.84483950e+02  9.62084829e-01
 -2.55632303e-01 -9.58358553e-02 -5.30093698e-01 -8.46736266e-01
  4.54164586e-02  9.98240791e-01 -3.24517111e-02 -4.96214587e-02
  8.99759776e-01  4.34869151e-01 -3.63480560e-02  6.29017335e-01
  7.77136194e-01 -1.99134584e-02  2.62399223e-01  9.64953077e-01
 -3.49805491e-03 -1.28316455e-01  9.91658161e-01  1.22062180e-02
 -4.77952223e-01  8.77982870e-01  2.66037078e-02 -7.44443441e-01
  6.66493673e-01  3.98773242e-02 -9.10861554e-01  4.09685632e-01
  4.98892126e-02 -9.86316031e-01  1.54788602e-01  5.67560322e-02
 -9.96032502e-01 -6.77679584e-02  5.76784737e-02 -9.69533706e-01
 -2.40639606e-01  4.57927657e-02 -9.30988207e-01 -3.65036108e-01
  3.15816279e-03 -8.74492596e-01 -4.67854622e-01 -1.27964300e-01
 -4.16354931e-01 -5.42645502e-01 -6.63283999e-01  8.44284338e-01
  9.84817706e-02 -5.26767083e-01  9.11265819e-01  2.86583895e-01
 -2.95743845e-01  8.94957397e-01  4.00583915e-01 -1.96427588e-01
  8.44191370e-01  5.18814796e-01 -1.34804094e-01  7.58541258e-01
  6.45485761e-01 -8.92376618e-02  6.34417849e-01  7.71127757e-01
 -5.36281845e-02]