 run, tof, wet mass
 0, 581.5537037828916, 663.1429520893142
 1, 581.5657428657485, 663.090263222689
 2, 581.6702076935178, 662.6335922149927
 3, 581.5890712478819, 662.9887993684015
 4, 581.5377797493645, 663.2147282092645
 5, 581.4798814566743, 663.4806832703018
 6, 581.5507965386728, 663.1580482878715
 7, 581.5629532872513, 663.1054382571208
 8, 581.61817069906, 662.8589534972507
 9, 581.5611469068012, 663.1100871909929
 10, 581.5732460262334, 663.0573570292072
 11, 581.5599364543241, 663.1172157859786
 12, 581.5358485155675, 663.2266443520282
 13, 581.5513609585341, 663.1544030379928
 14, 581.5660258843677, 663.0903138502574
 15, 581.4548347906706, 663.5841487846006
 16, 581.5610883651789, 663.1114282907497
 17, 581.5544674464942, 663.1400007769711
 18, 581.5739370075462, 663.0530878637705
 19, 581.579235779221, 663.0309834375038
 mean 581.5599717728002, 663.1174564408631
 std 0.04241476271870865, 0.18837933292051903