[ 9.49700000e+03  1.02890590e+03  1.56558091e+03 -9.94953708e-01
 -9.77564465e-02  2.46356512e-02 -2.93899850e-01 -9.52545606e-01
 -7.96347871e-02 -8.56782188e-01 -5.15672951e-01  2.40825314e-03
 -1.31189764e-01 -9.90205497e-01 -4.77748877e-02  6.83993196e-01
 -7.26036036e-01 -7.08872313e-02  9.98774834e-01  2.23029583e-02
 -4.41779710e-02  7.05166700e-01  7.08947953e-01  1.15235756e-02
  7.74188914e-02  9.95050112e-01  6.23038262e-02 -5.53034073e-01
  8.28547177e-01  8.75414624e-02 -9.41297834e-01  3.28894462e-01
  7.60727048e-02 -9.54947004e-01 -2.96224999e-01  1.80899769e-02
 -5.86111438e-01 -8.05283920e-01 -8.93983707e-02  4.17031590e-02
 -9.75734869e-01 -2.14949457e-01  6.61537798e-01 -6.98310468e-01
 -2.73371182e-01  9.71147976e-01 -1.17923462e-01 -2.07287646e-01
  8.92339780e-01  4.48303001e-01 -5.25025840e-02  5.80241587e-01
  8.07544998e-01  1.05788576e-01  2.20548730e-01  9.46269512e-01
  2.36501770e-01 -6.00900582e-02  9.39346206e-01  3.37666062e-01
 -1.53971103e-01  8.97928547e-01  4.12331967e-01  3.94685097e-02
  9.25193068e-01  3.77444410e-01  2.76949779e-01  9.45719801e-01
  1.70038471e-01]