[ 9.56074002e+03  7.37865041e+02  5.25931210e+02 -4.45531056e-01
 -8.95564560e-01  8.15775620e-03  4.78771706e-03 -9.98472439e-01
 -5.93604976e-02 -1.00241880e-01 -9.94241526e-01 -3.78864217e-02
  6.24478286e-01 -7.77647057e-01 -7.27698500e-02  9.84721894e-01
 -1.60483419e-01 -6.75969548e-02  8.94865048e-01  4.44709345e-01
 -3.81143457e-02  5.45804178e-01  8.37884294e-01 -6.93528653e-03
  9.57258062e-02  9.95212555e-01  1.97115375e-02 -3.41410303e-01
  9.39048089e-01  4.03476277e-02 -6.90966333e-01  7.20856808e-01
  5.41452853e-02 -9.09311375e-01  4.11656669e-01  6.07588708e-02
 -9.95186084e-01  8.00518027e-02  5.65369038e-02 -9.76289153e-01
 -2.13912568e-01  3.31875240e-02 -8.98902208e-01 -4.36675149e-01
 -3.59402166e-02 -7.85669787e-01 -5.77168562e-01 -2.22711938e-01
 -3.06258213e-01 -5.38653274e-01 -7.84896359e-01  7.25965671e-01
  1.95900284e-01 -6.59239813e-01  8.24274418e-01  4.69755829e-01
 -3.16071655e-01  7.53442064e-01  6.38047210e-01 -1.58821314e-01
  6.05420168e-01  7.93091566e-01 -6.68754472e-02  3.98099289e-01
  9.17319414e-01 -6.51590305e-03  1.47722831e-01  9.88280928e-01
  3.84689101e-02]