With respect to sun
t, X, Y, Z, R
 9560.740921072625, -143194781979.4327, 38901892006.095726, -2311228.0783852413, 148384981696.71005
 9579.187547339465, -148901381729.69983, -8293602679.761787, 473118.43928288063, 149132174015.6945
 9597.634173606304, -139650698852.20157, -55089489151.838936, -13185274.604385171, 150123847801.64124
 9616.080799873147, -116598751304.2166, -96459713359.37434, -25545983.95424191, 151326619468.19702
 9634.52742613999, -82017899803.48087, -128877286109.90582, -66856947.91346222, 152762217950.2505
 9652.97405240683, -39725304589.89523, -149219290381.83914, -101915432.94899076, 154416666307.67242
 9671.420678673669, 6632788748.513802, -156081093351.00217, -158036505.70826578, 156222042502.8549
 9689.867304940508, 52433735436.771515, -149245185183.0247, -200314890.82497734, 158188059088.61823
 9708.313931207347, 94225375891.4698, -129581020742.99844, -243237033.0113762, 160217731736.97223
 9726.76055747419, 128366182681.15744, -99353863633.42589, -266374168.4657426, 162324175741.69073
 9745.207183741033, 152717832809.98608, -60944676667.48067, -271873664.9025066, 164429510695.53265
 9763.653810007872, 165569333902.27304, -17922474020.86281, -256881563.81186762, 166536738865.65903
 9782.100436274712, 166454996921.6864, 26884183902.5258, -214182227.50409344, 168612191784.37256
 9800.547062541551, 155698552085.41443, 69829872207.78476, -156483677.92135584, 170640776666.04636
 9818.99368880839, 134268056246.73514, 108526685069.58484, -69201914.56975731, 172644018400.2164
 9837.44031507523, 104077594480.881, 140164135922.16995, 22623564.061513253, 174579870499.32446
 9855.886941342069, 66981487090.12603, 163327635764.1994, 139360699.10942328, 176528908789.84146
 9874.333567608912, 25787581084.592766, 176537250166.27756, 247637187.3618452, 178410933966.06015
 9892.780193875755, -17392551743.471493, 179527046840.31198, 371314648.98352003, 180367955241.28296
 9911.226820142594, -59591289671.345406, 172249506289.0574, 473792684.6827801, 182266943522.47827
 9929.673446409433, -99003638267.92747, 155466936830.81796, 578436301.9968828, 184315011397.33478
 9948.120072676273, -133119586211.762, 130343911299.05777, 652097845.8060819, 186308305444.30347
 9966.566698943112, -160853245177.4736, 98338394334.35373, 708939270.3043121, 188533044528.73047
 9985.013325209955, -180534218403.7429, 61395392328.00602, 730270271.7506785, 190689620872.32205
 10003.459951476798, -191968624006.67386, 21235871871.868366, 697560166.7353158, 193140884970.94638
 10021.906577743637, -194455126224.30728, -19925586150.091362, 632314186.5788295, 195474358726.5771
 10040.353204010476, -188636653425.22275, -60522029988.24387, 416249869.8286176, 198108244132.6449
 10058.799830277316, -174662572009.64038, -98513675467.38495, 182132536.87610722, 200529278379.43527
 10077.246456544155, -153581316148.5504, -132714259721.49097, -502405719.5630169, 202979180742.38895
 10095.693082810994, -126321116091.9382, -161587438338.2913, -1166903589.438139, 205107011736.3886
 10114.139709077834, -93711526567.68619, -184051481034.4288, -2166351471.687669, 206546583029.86215
 10132.586335344677, -57522487398.54451, -199495652507.19885, -3083260024.9694138, 207645993022.18744
 10151.03296161152, -18682331139.37066, -207164922970.3005, -4071089737.849003, 208045448346.61792
 10169.479587878359, 20856246795.075516, -207100643647.15512, -4906965269.622285, 208205998803.1092
 10187.926214145198, 60072343457.2747, -198930714648.56784, -5655246781.212547, 207880007444.66772
 10206.372840412037, 97039869291.8623, -183318955904.3407, -6191939354.847766, 207511242921.95218
 10224.819466678877, 130729931278.911, -160318425644.29843, -6536824347.042294, 206966283741.57788
 10243.26609294572, 159464647732.62112, -131243596541.38797, -6633983895.88772, 206634617748.18488
 10261.712719212563, 182378196373.5158, -96587453487.45396, -6482336532.429008, 206477512990.07706
 10280.159345479402, 198333795486.88782, -58246022949.95742, -6083372752.93529, 206799180476.55017
 10298.605971746241, 206854623073.74728, -17045507810.57911, -5428895177.206877, 207626725944.29572
With respect to Earth
 9560.740921072625, 0.00115966796875, 0.00408172607421875, -2.4260953068733215e-07, 0.004243267326195858
 9579.187547339465, -746101.6067199707, -1048896.9982757568, -20502.741493177833, 1287351.1109836162
 9597.634173606304, -50800241.61981201, -425751988.3741684, -16445417.39068948, 429087254.4207568
 9616.080799873147, -155203951.34431458, -837194784.1931, -31259819.05265166, 852033185.6683893
 9634.52742613999, -121410093.93099976, -1635992187.4715881, -74474654.4707827, 1642180660.748064
 9652.97405240683, -289140409.2136688, -2638329071.9212646, -110707698.32670236, 2656433447.7742834
 9671.420678673669, -168711141.76060867, -4179479704.932007, -167165251.17166582, 4186222434.903811
 9689.867304940508, 39754580.12322235, -6478914907.252258, -208910927.23325434, 6482404073.919935
 9708.313931207347, 1224167066.4960785, -9530073573.662415, -250479067.43966547, 9611640187.259289
 9726.76055747419, 3645575163.5462036, -13483213672.866348, -271564087.13268924, 13970004161.583317
 9745.207183741033, 8298147237.947723, -17520744129.909164, -274503110.63597167, 19388426300.402897
 9763.653810007872, 15535892565.459564, -21169555755.099556, -256684572.98720574, 26259854067.450188
 9782.100436274712, 25650724561.889526, -22700661573.41412, -211168403.2632935, 34253821662.92018
 9800.547062541551, 38267651626.35675, -21098530182.793915, -150946567.7204854, 43698786273.0394
 9818.99368880839, 52182166250.66214, -14460641616.621948, -61698531.97338935, 54148799038.2517
 9837.44031507523, 65811802214.47979, -2166798102.1188965, 31323331.30458601, 65847470003.67013
 9855.886941342069, 76522266450.91537, 16505198989.776062, 148351758.2016951, 78282187403.78398
 9874.333567608912, 82132240610.21335, 40619963315.223526, 255975951.74862158, 91628335634.08188
 9892.780193875755, 79849511710.10088, 68768604395.24274, 378122513.8311307, 105381252827.27664
 9911.226820142594, 68407684171.625725, 98209507818.22266, 478352067.61277616, 119686872715.11032
 9929.673446409433, 46530658032.768845, 125804426825.39815, 580266304.3840147, 134134979236.63847
 9948.120072676273, 15108899110.87915, 148095755254.40662, 651000635.6096616, 148865897231.513
 9966.566698943112, -24824138904.137054, 161733539260.16364, 705013693.4313209, 163629070272.54877
 9985.013325209955, -70165244630.55193, 164173815895.54422, 723894260.2962738, 178540548343.14062
 10003.459951476798, -118027488948.94601, 153384596176.65228, 689347044.4151363, 193540170742.96463
 10021.906577743637, -164071632125.11566, 128867124328.34995, 623049650.3015906, 208630353476.48825
 10040.353204010476, -204717741713.7841, 90702999181.03726, 406816628.0821548, 223911932090.71225
 10058.799830277316, -235679962470.9829, 40758674438.51312, 173428995.59715143, 239178477982.29074
 10077.246456544155, -253726102206.10153, -18648145701.53241, -509547065.81866544, 254410982304.2609
 10095.693082810994, -256009644783.56018, -83635129162.78453, -1171792851.7797484, 269327210193.786
 10114.139709077834, -240418117499.2256, -149731942919.178, -2168507950.8397317, 283240583919.3181
 10132.586335344677, -206900237112.17352, -212154012169.15314, -3082463188.3177247, 296355419346.17993
 10151.03296161152, -155908686242.52798, -265532858546.87088, -4067408848.031887, 307947659885.0536
 10169.479587878359, -90392107050.17366, -305283598995.77966, -4900762298.252112, 318422402327.30176
 10187.926214145198, -13825558925.568474, -326876651279.0245, -5647148852.5089655, 327217636323.5267
 10206.372840412037, 68138460495.642426, -327771553221.34863, -6182780204.909447, 334836180349.30725
 10224.819466678877, 149839293658.3533, -306183768849.11523, -6527558974.468664, 340944164427.0332
 10243.26609294572, 224578726834.52972, -263219195308.43213, -6625585739.368421, 346069137184.79224
 10261.712719212563, 286675886632.0831, -200841067388.0157, -6475690543.719179, 350088750024.7137
 10280.159345479402, 330955942478.2438, -123913087530.78961, -6079179096.489247, 353444826729.0991
 10298.605971746241, 354133975007.2118, -37347441151.19324, -5427596330.127289, 356139245825.103