[ 9.56074092e+03  7.37865051e+02  5.25931206e+02 -4.45576584e-01
 -8.95171678e-01 -1.24689683e-02 -8.08127117e-03 -9.98199021e-01
 -6.02754031e-02 -9.97526203e-02 -9.94263000e-01 -3.86133230e-02
  6.22813996e-01 -7.78988891e-01 -7.26598170e-02  9.84761457e-01
 -1.59710996e-01 -6.88295489e-02  8.95297724e-01  4.43744298e-01
 -3.91533590e-02  5.45485189e-01  8.38090973e-01 -7.03694101e-03
  9.56270397e-02  9.95227735e-01  1.94265540e-02 -3.41594047e-01
  9.38997563e-01  3.99650283e-02 -6.90284123e-01  7.21501878e-01
  5.42485586e-02 -9.09376679e-01  4.11531989e-01  6.06262738e-02
 -9.95202587e-01  8.00730532e-02  5.62150201e-02 -9.76255676e-01
 -2.14204807e-01  3.22690737e-02 -8.99307397e-01 -4.35933652e-01
 -3.47576180e-02 -7.84750276e-01 -5.78571699e-01 -2.22310292e-01
 -3.05267962e-01 -5.37618314e-01 -7.85988842e-01  7.25851310e-01
  1.95270382e-01 -6.59552455e-01  8.24041901e-01  4.70044765e-01
 -3.16248185e-01  7.52493654e-01  6.39480613e-01 -1.57537222e-01
  6.05615803e-01  7.92977847e-01 -6.64508288e-02  3.97984669e-01
  9.17371998e-01 -6.07649535e-03  1.48506913e-01  9.88201498e-01
  3.74640040e-02]