[ 1.00000000e+04  9.34312879e+02  4.52594991e+02 -6.60894485e-01
  7.50425625e-01  9.55842305e-03 -4.41754588e-01 -8.90326394e-01
  1.10586067e-01 -8.37999543e-01  5.34490657e-01 -1.09893178e-01
 -9.74929299e-01  2.06794596e-01 -8.21515041e-02 -8.25826323e-01
  5.32042685e-01  1.86926517e-01 -6.93578708e-01  6.25718566e-01
  3.56966216e-01 -7.38322261e-01  5.01740507e-01  4.50711456e-01
  5.70812963e-02  9.98063973e-01 -2.47807324e-02  4.65276159e-01
  7.56024312e-01 -4.60375349e-01  8.10797194e-01  4.56321444e-01
 -3.66576987e-01  7.95402530e-01  5.89239767e-01 -1.41884877e-01
  4.37050500e-01  8.99338296e-01 -1.33226154e-02 -2.15274112e-01
  9.74866789e-01  5.73742223e-02 -8.12998168e-01  5.76063753e-01
  8.47616202e-02 -9.95195742e-01 -7.00121610e-02  6.84378222e-02
 -7.49898761e-01 -6.61529368e-01  5.54484624e-03 -1.40278939e-01
 -9.86107180e-01 -8.89632173e-02  5.39686652e-01 -8.28991800e-01
 -1.46665989e-01  9.11615413e-01 -3.87304556e-01 -1.37668162e-01
  9.92623923e-01  7.05533939e-02 -9.85898944e-02  8.80601919e-01
  4.70735134e-01 -5.43018856e-02  6.20994882e-01  7.83703745e-01
 -1.31832216e-02]