[ 9.56074308e+03  7.37865037e+02  5.25931211e+02 -3.65304721e-01
 -9.36276770e-01  3.11258588e-02 -4.02244770e-02 -9.96170278e-01
 -8.63788945e-02 -9.94638742e-02 -9.94324811e-01 -3.77602056e-02
  6.23567803e-01 -7.78387939e-01 -7.26338737e-02  9.84742106e-01
 -1.60029659e-01 -6.83647490e-02  8.95684013e-01  4.42942694e-01
 -3.94040308e-02  5.44930499e-01  8.38452036e-01 -7.01954021e-03
  9.63646330e-02  9.95135222e-01  2.05089509e-02 -3.41547260e-01
  9.38998017e-01  4.03513470e-02 -6.90651907e-01  7.21217557e-01
  5.33469550e-02 -9.09284800e-01  4.11559930e-01  6.18152750e-02
 -9.95148057e-01  8.00265389e-02  5.72432796e-02 -9.76418012e-01
 -2.13490214e-01  3.20972275e-02 -8.99167688e-01 -4.36077842e-01
 -3.65510757e-02 -7.84849695e-01 -5.78565214e-01 -2.21976506e-01
 -3.04367090e-01 -5.38331574e-01 -7.85850104e-01  7.26461336e-01
  1.95168086e-01 -6.58910898e-01  8.23783653e-01  4.70712830e-01
 -3.15929032e-01  7.51979487e-01  6.40080351e-01 -1.57558921e-01
  6.04802962e-01  7.93581144e-01 -6.66557764e-02  3.97447430e-01
  9.17602265e-01 -6.46546562e-03  1.48522280e-01  9.88200806e-01
  3.74219151e-02]