[ 1.00000000e+04  9.34312481e+02  4.52595140e+02 -7.05414821e-01
  7.08336638e-01  3.34941807e-02 -4.27678077e-01 -9.04006627e-01
 -2.60844808e-02 -8.38181241e-01  5.34437945e-01 -1.08762249e-01
 -9.74648599e-01  2.07782286e-01 -8.30008398e-02 -8.25683448e-01
  5.31322836e-01  1.89604135e-01 -6.93712579e-01  6.26182516e-01
  3.55895673e-01 -7.37935779e-01  4.99400854e-01  4.53935997e-01
  5.55690135e-02  9.98190868e-01 -2.30166850e-02  4.64549397e-01
  7.57015122e-01 -4.59480368e-01  8.10569398e-01  4.56834128e-01
 -3.66442932e-01  7.95806775e-01  5.88889290e-01 -1.41073177e-01
  4.37396455e-01  8.99177893e-01 -1.27976498e-02 -2.15032222e-01
  9.74912971e-01  5.74969291e-02 -8.13139744e-01  5.75864680e-01
  8.47567604e-02 -9.95236307e-01 -6.97669663e-02  6.80986603e-02
 -7.49809686e-01 -6.61639558e-01  4.41531369e-03 -1.40417449e-01
 -9.86077248e-01 -8.90769313e-02  5.40289937e-01 -8.28656012e-01
 -1.46344205e-01  9.11534383e-01 -3.87441862e-01 -1.37818539e-01
  9.92622348e-01  7.03838494e-02 -9.87270836e-02  8.80808147e-01
  4.70342429e-01 -5.43614746e-02  6.21039035e-01  7.83661771e-01
 -1.36025015e-02]