[ 9.49700000e+03  1.02890545e+03  1.56558119e+03 -9.94894618e-01
 -9.87652425e-02  2.36240861e-02 -2.67643733e-01 -9.60921703e-01
 -7.76388373e-02 -8.56998114e-01 -5.15316094e-01  2.26220811e-03
 -1.31426674e-01 -9.90173728e-01 -4.77923356e-02  6.83993040e-01
 -7.26062331e-01 -7.06210184e-02  9.98788715e-01  2.17441611e-02
 -4.41476996e-02  7.04765493e-01  7.09346320e-01  1.16004420e-02
  7.74130515e-02  9.95062628e-01  6.21136840e-02 -5.53015538e-01
  8.28540696e-01  8.77199671e-02 -9.41340446e-01  3.28852172e-01
  7.57261278e-02 -9.55022790e-01 -2.95974318e-01  1.81957300e-02
 -5.86117226e-01 -8.05401759e-01 -8.82932746e-02  4.17558997e-02
 -9.75557616e-01 -2.15742825e-01  6.61214440e-01 -6.97929551e-01
 -2.75119207e-01  9.71057271e-01 -1.18089384e-01 -2.07623858e-01
  8.92625783e-01  4.47845435e-01 -5.15256466e-02  5.80956641e-01
  8.06998082e-01  1.06045842e-01  2.21723691e-01  9.46167028e-01
  2.35812595e-01 -5.92306817e-02  9.39618365e-01  3.37061193e-01
 -1.53656154e-01  8.98083290e-01  4.12112031e-01  3.87103226e-02
  9.25194495e-01  3.77513885e-01  2.76746389e-01  9.45831129e-01
  1.69750809e-01]