[ 9.64265370e+03  5.81573246e+02  3.84582114e+02  9.36732260e-01
 -3.45907761e-01 -5.57240911e-02 -5.73804143e-01 -8.18676244e-01
  2.49831761e-02  9.98321856e-01 -3.29822693e-02 -4.76436819e-02
  8.99696220e-01  4.35135654e-01 -3.47612607e-02  6.29345606e-01
  7.76851742e-01 -2.06599793e-02  2.62717392e-01  9.64866589e-01
 -3.51188437e-03 -1.28606321e-01  9.91621236e-01  1.21760932e-02
 -4.79170151e-01  8.77345445e-01  2.57603623e-02 -7.44556528e-01
  6.66407910e-01  3.91930167e-02 -9.10907633e-01  4.09588965e-01
  4.98458026e-02 -9.86516809e-01  1.53598424e-01  5.65056704e-02
 -9.95961793e-01 -6.92482160e-02  5.71573242e-02 -9.69533435e-01
 -2.40524436e-01  4.64561056e-02 -9.32758343e-01 -3.60501307e-01
  3.03776626e-03 -8.73522102e-01 -4.69339231e-01 -1.28966582e-01
 -3.96752072e-01 -5.48749725e-01 -6.55851293e-01  8.39592659e-01
  1.01629636e-01 -5.33604245e-01  9.09450844e-01  2.88809388e-01
 -2.99160945e-01  8.93964107e-01  4.03335413e-01 -1.95326957e-01
  8.43140561e-01  5.20756978e-01 -1.33892742e-01  7.57653846e-01
  6.46479411e-01 -8.95855532e-02  6.34515472e-01  7.71026417e-01
 -5.39592248e-02]