[ 9.56074313e+03  7.37865052e+02  5.25931206e+02 -4.45241290e-01
 -8.95183671e-01 -2.10625053e-02 -2.91385814e-02 -9.98123084e-01
 -5.44195867e-02 -9.96509150e-02 -9.94299484e-01 -3.79327170e-02
  6.22808424e-01 -7.78967801e-01 -7.29333640e-02  9.84625835e-01
 -1.60629427e-01 -6.86407864e-02  8.95384011e-01  4.43605631e-01
 -3.87526348e-02  5.45262722e-01  8.38235122e-01 -7.10364054e-03
  9.57408257e-02  9.95207083e-01  1.99142948e-02 -3.42084472e-01
  9.38797358e-01  4.04718790e-02 -6.90570029e-01  7.21224023e-01
  5.43059122e-02 -9.09406306e-01  4.11487611e-01  6.04826109e-02
 -9.95189966e-01  8.02040558e-02  5.62517091e-02 -9.76302493e-01
 -2.13986581e-01  3.22997285e-02 -8.99532082e-01 -4.35429874e-01
 -3.52577210e-02 -7.84900586e-01 -5.78165236e-01 -2.22836832e-01
 -3.04638437e-01 -5.39298451e-01 -7.85082773e-01  7.26636981e-01
  1.96846842e-01 -6.58220446e-01  8.23446227e-01  4.70175717e-01
 -3.17604985e-01  7.52688648e-01  6.39187745e-01 -1.57793758e-01
  6.05321728e-01  7.93201420e-01 -6.64616070e-02  3.97631087e-01
  9.17524469e-01 -6.19707850e-03  1.48963728e-01  9.88130239e-01
  3.75335089e-02]