[ 9.62734790e+03  1.00304388e+03  4.26853314e+02  6.65931313e-01
 -7.45675272e-01 -2.32544941e-02  8.85690116e-01 -4.64029143e-01
 -1.55425201e-02  9.35152617e-01 -3.44944363e-01 -8.06410315e-02
  8.79095126e-01  4.74906737e-01 -4.06860130e-02  1.50784954e-01
  9.81643419e-01  1.16791123e-01 -6.21317629e-01  7.83380171e-01
 -1.67313324e-02 -9.89418689e-01  8.36241532e-02  1.18564999e-01
 -8.59105558e-01 -5.06970777e-01  7.01304641e-02 -4.09409895e-01
 -9.10427433e-01 -5.92068443e-02  9.76771954e-02 -9.89859753e-01
 -1.03135213e-01  5.53325191e-01 -8.30495952e-01 -6.40915377e-02
  8.59482065e-01 -5.09669336e-01 -3.90876013e-02  9.82147195e-01
 -1.86560291e-01 -2.41294358e-02  9.97748931e-01  6.70656905e-02
  1.24531456e-04  9.78469952e-01  1.40163569e-01  1.51505071e-01
  9.28424197e-01  2.74213807e-01  2.50679612e-01  7.41552134e-01
  6.05976862e-01  2.87911308e-01  2.72158962e-04  9.59488917e-01
  2.81746270e-01 -3.20467956e-01  9.25969054e-01  1.99704463e-01
 -5.88011000e-01  8.04383902e-01  8.49094497e-02 -7.39193516e-01
  6.72072290e-01  4.37247930e-02 -8.39712100e-01  5.42641051e-01
  2.05982404e-02]