[ 1.00000000e+04  9.34312687e+02  4.52595063e+02 -5.31950945e-01
  8.45476553e-01 -4.68786657e-02 -4.31160028e-01 -9.01900478e-01
  2.91570364e-02 -8.38050383e-01  5.34417030e-01 -1.09863723e-01
 -9.74933372e-01  2.06773963e-01 -8.21569051e-02 -8.25743726e-01
  5.31802586e-01  1.87971674e-01 -6.93437965e-01  6.25670190e-01
  3.57325579e-01 -7.39106068e-01  5.00584580e-01  4.50711714e-01
  5.70010553e-02  9.98089904e-01 -2.38238622e-02  4.65837818e-01
  7.56405014e-01 -4.59180690e-01  8.10574021e-01  4.56527605e-01
 -3.66814895e-01  7.95388947e-01  5.89250375e-01 -1.41917613e-01
  4.37170614e-01  8.99281179e-01 -1.32407974e-02 -2.15140389e-01
  9.74890908e-01  5.74682883e-02 -8.12971374e-01  5.76092773e-01
  8.48227544e-02 -9.95196600e-01 -6.99522113e-02  6.84871553e-02
 -7.49819861e-01 -6.61619346e-01  5.48456482e-03 -1.40074160e-01
 -9.86127428e-01 -8.90622421e-02  5.39795143e-01 -8.28906119e-01
 -1.46751300e-01  9.11688487e-01 -3.87184369e-01 -1.37522788e-01
  9.92624709e-01  7.06375089e-02 -9.85227970e-02  8.80609401e-01
  4.70725135e-01 -5.42673068e-02  6.21053959e-01  7.83658431e-01
 -1.30940488e-02]