[ 9.56073948e+03  7.37865050e+02  5.25931207e+02 -4.58040039e-01
 -8.88737739e-01 -2.62683691e-02 -2.38289152e-02 -9.98415827e-01
 -5.15462365e-02 -1.02047448e-01 -9.94040099e-01 -3.83956636e-02
  6.22496425e-01 -7.79408193e-01 -7.08864193e-02  9.84491209e-01
 -1.60967375e-01 -6.97898879e-02  8.94852745e-01  4.44621775e-01
 -3.93827119e-02  5.45320290e-01  8.38203572e-01 -6.41444549e-03
  9.57860867e-02  9.95207648e-01  1.96665783e-02 -3.41594329e-01
  9.38976184e-01  4.04615782e-02 -6.90495369e-01  7.21348080e-01
  5.36043264e-02 -9.09084695e-01  4.12208699e-01  6.04105929e-02
 -9.95146528e-01  8.06586477e-02  5.63718640e-02 -9.76378509e-01
 -2.13675312e-01  3.20666893e-02 -8.99134086e-01 -4.36251471e-01
 -3.52549423e-02 -7.84925911e-01 -5.78761774e-01 -2.21196228e-01
 -3.05213537e-01 -5.36630629e-01 -7.86685701e-01  7.26229062e-01
  1.94839670e-01 -6.59264108e-01  8.24175032e-01  4.68651462e-01
 -3.17971475e-01  7.52828248e-01  6.39182609e-01 -1.57149023e-01
  6.04808452e-01  7.93666856e-01 -6.55842133e-02  3.98612051e-01
  9.17097714e-01 -6.42365873e-03  1.48683545e-01  9.88183566e-01
  3.72388656e-02]