[ 9.49700000e+03  9.07453275e+02  6.69456430e+02 -9.98465717e-01
 -4.33570092e-02  3.44490883e-02 -5.42863155e-01 -7.71344867e-01
 -3.32500020e-01 -9.79478610e-01 -1.99077345e-01  3.14623624e-02
 -8.67687406e-01 -4.96769382e-01  1.84076375e-02 -6.62943445e-01
 -7.48668629e-01  1.14691764e-03 -3.82050377e-01 -9.23944608e-01
 -1.90834479e-02 -5.39439748e-02 -9.97772336e-01 -3.92484848e-02
  2.78707004e-01 -9.58682618e-01 -5.70117916e-02  5.75588798e-01
 -8.14895435e-01 -6.81399868e-02  8.01703550e-01 -5.93252914e-01
 -7.29553215e-02  9.42834664e-01 -3.25772621e-01 -7.02496002e-02
  9.97208297e-01 -4.17785143e-02 -6.18894661e-02  9.72212764e-01
  2.28776094e-01 -4.96371738e-02  8.81311557e-01  4.71266544e-01
 -3.46096369e-02  7.37914265e-01  6.74673347e-01 -1.72802330e-02
  5.58160765e-01  8.29732904e-01  2.80518013e-06  3.53620502e-01
  9.35215313e-01  1.80412842e-02  1.37473846e-01  9.89936590e-01
  3.35637133e-02 -7.98855228e-02  9.95592543e-01  4.91303514e-02
 -2.88249298e-01  9.55455169e-01  6.33858629e-02 -4.79177198e-01
  8.74411557e-01  7.61161560e-02 -6.44835381e-01  7.59419090e-01
  8.64290699e-02 -7.81155951e-01  6.17209791e-01  9.40610282e-02
 -8.84872541e-01  4.55381327e-01  9.81248920e-02 -9.53548188e-01
  2.84988259e-01  9.76093252e-02 -9.89873909e-01  1.10032030e-01
  8.96825329e-02 -9.95506329e-01 -6.02580350e-02  7.30491078e-02
 -9.73651363e-01 -2.24360605e-01  4.08086424e-02 -9.26552667e-01
 -3.75916677e-01 -1.36843644e-02 -8.46097162e-01 -5.23503977e-01
 -1.00315412e-01 -7.15346308e-01 -6.58407202e-01 -2.34052478e-01
 -4.93706683e-01 -7.58755257e-01 -4.24882805e-01 -1.41269681e-01
 -7.66292809e-01 -6.26292855e-01  2.08206775e-02 -4.92101745e-02
 -5.79912551e-02  5.85183581e-01 -4.02015095e-01 -7.04233128e-01
  7.70530860e-01 -1.77125606e-01 -6.12297925e-01  8.63614925e-01
  1.66552161e-02 -5.03877401e-01  8.95970561e-01  1.80159006e-01
 -4.05930891e-01  8.91491645e-01  3.24198975e-01 -3.16445781e-01
  8.59829122e-01  4.52273315e-01 -2.36944579e-01  8.05637874e-01
  5.67835970e-01 -1.68850872e-01  7.35097584e-01  6.69510244e-01
 -1.06712722e-01  6.52356971e-01  7.56211189e-01 -5.07491382e-02
  5.66064958e-01  8.24360806e-01 -6.90833945e-04  4.70803295e-01
  8.80766080e-01  5.09452179e-02  3.89744152e-01  9.15934700e-01
  9.57243360e-02  3.14112713e-01  9.38105268e-01  1.45917025e-01
  2.67254425e-01  9.45290532e-01  1.87085254e-01  2.44251110e-01
  9.39176502e-01  2.41432198e-01  2.76596087e-01  9.18358688e-01
  2.83040635e-01  3.56554507e-01  8.78301832e-01  3.18521035e-01
  4.64087667e-01  8.22931575e-01  3.27728972e-01]