[ 1.00000000e+04  9.35360743e+02  4.52202922e+02 -6.32125190e-01
  7.61808040e-01 -1.41724160e-01 -4.46770853e-01 -8.94624009e-01
  6.80200521e-03 -8.00027134e-01  5.57455431e-01 -2.21810814e-01
 -8.75781745e-01  4.82696160e-01 -3.28137088e-03 -9.10831115e-01
  3.83226227e-01  1.53379454e-01 -6.90173331e-01  5.29901965e-01
  4.92813676e-01 -9.60735540e-01  1.45590754e-01 -2.36205673e-01
  3.08470320e-01  9.37827018e-01  1.59151651e-01  4.10878995e-01
  8.21539661e-01 -3.95287423e-01  7.43483920e-01  5.06228199e-01
 -4.36995300e-01  7.75533814e-01  5.99194426e-01 -1.98779673e-01
  4.32945991e-01  9.00626988e-01 -3.77995723e-02 -2.13515426e-01
  9.75365460e-01  5.54381044e-02 -8.11257979e-01  5.76135629e-01
  9.96405564e-02 -9.92515801e-01 -7.37080086e-02  9.73628629e-02
 -7.39490648e-01 -6.72331830e-01  3.35190010e-02 -1.22908907e-01
 -9.88884437e-01 -8.36720552e-02  5.68808013e-01 -8.05138472e-01
 -1.67956844e-01  9.14188726e-01 -3.70709717e-01 -1.63808672e-01
  9.89395657e-01  8.07372983e-02 -1.20738256e-01  8.77578351e-01
  4.73564029e-01 -7.47886882e-02  6.31701573e-01  7.74564067e-01
 -3.16802866e-02]