[ 1.00000000e+04  9.70711939e+02  4.38969132e+02  2.18749928e-02
  9.93073874e-01 -1.17216421e-01 -5.53744019e-01 -8.30774160e-01
 -5.92819340e-02 -3.72061496e-01  9.25854931e-01 -6.60528349e-02
 -9.84501574e-01 -1.74529327e-01 -1.72101671e-02  6.01431400e-01
 -7.92774200e-01  9.89431370e-02  3.96353459e-01  9.06880406e-01
  1.43080018e-01 -8.55272033e-01  5.10881294e-01  8.66613178e-02
 -3.51921092e-01 -9.31364856e-01 -9.33351828e-02  9.74733867e-01
 -7.49454968e-02 -2.10421985e-01  5.78311562e-01  7.89909781e-01
 -2.03956805e-01  4.56597200e-01  8.84630548e-01 -9.45928317e-02
  2.15293319e-01  9.75144583e-01  5.23653020e-02 -4.04991079e-01
  9.08036996e-01  1.07009763e-01 -8.77336081e-01  4.59473952e-01
  1.38438337e-01 -9.73549350e-01 -2.12478289e-01  8.39928996e-02
 -5.16995005e-01 -8.54503003e-01 -5.04118308e-02  5.93775594e-01
 -7.61560554e-01 -2.59723238e-01  9.47320154e-01 -4.69163350e-02
 -3.16833524e-01  8.33484304e-01  5.10598926e-01 -2.11169809e-01
  5.24925672e-01  8.42379949e-01 -1.21857171e-01  4.33291119e-01
  8.99219035e-01 -6.05307405e-02  7.18803903e-01  6.95173918e-01
 -7.36781979e-03]