[ 1.00000000e+04  9.49712978e+02  4.46831746e+02 -4.90487573e-01
  8.63234920e-01 -1.19392585e-01 -3.62630054e-01 -9.31813645e-01
 -1.53936480e-02 -7.01959221e-01  7.03585295e-01 -1.10548580e-01
 -9.92985213e-01  7.17446075e-02 -9.39845776e-02  6.67248513e-01
 -4.10914160e-01  6.21234624e-01  2.34776076e-01  9.38823548e-01
  2.51973419e-01 -5.79187120e-01  7.64990371e-01  2.81659554e-01
 -8.81651007e-01 -4.29175117e-01  1.96226959e-01  8.63449101e-01
  4.27486865e-01 -2.67788804e-01  6.93690433e-01  6.65123036e-01
 -2.76414491e-01  6.99260872e-01  7.03541372e-01 -1.26742947e-01
  3.56229772e-01  9.34397603e-01 -1.21240229e-03 -2.60765169e-01
  9.62406396e-01  7.59964377e-02 -7.97473978e-01  5.92501797e-01
  1.13916092e-01 -9.94223744e-01 -1.94125790e-02  1.05557101e-01
 -7.28636653e-01 -6.84492642e-01  2.36315779e-02  1.73315482e-01
 -9.74116461e-01 -1.45116799e-01  8.60823878e-01 -4.64306023e-01
 -2.08331887e-01  9.80232968e-01  1.21719799e-01 -1.55973138e-01
  8.48312351e-01  5.16803280e-01 -1.15241160e-01  6.12417954e-01
  7.90324065e-01 -1.82242241e-02  3.62204816e-01  9.31969054e-01
  1.55356286e-02]