With respect to sun
t, X, Y, Z, R
 10000.0, -81436915260.56427, -127543644341.09442, 7924183.770011434, 151325319896.4291
 10023.357804767445, -26777722320.941956, -149508085842.41174, 9107602.557730904, 151887175982.3977
 10046.715609534891, 31406932303.72929, -148303673002.01718, -65150743.418486536, 151592806779.3444
 10070.073414302333, 84754463206.65167, -124359529698.66457, -129391957.86708269, 150494612536.79306
 10093.431219069775, 124081218137.84192, -80782075012.0933, -229592118.4064584, 148060612758.32617
 10116.78902383722, 142953246327.49536, -23998804259.545372, -291900090.8465308, 144953987344.6763
 10140.146828604666, 136163821290.1931, 37236090634.32623, -171033908.66206974, 141163529024.57956
 10163.504633372111, 103693189581.99052, 91297836983.75322, -18177328.31337264, 138157782748.61633
 10186.862438139557, 49960162433.85532, 127381424978.58833, 393064371.8800044, 136829089595.71928
 10210.220242906998, -14079763889.880272, 137167592748.05048, 723127634.4539591, 137890214174.41312
 10233.57804767444, -75938098638.3982, 119666163883.89006, 1238594036.7059999, 141732564072.93594
 10256.935852441886, -123809410314.53418, 79751301490.71391, 1524326851.1179633, 147279882347.33374
 10280.293657209331, -151119964169.42786, 27123743807.018394, 1538027346.9231355, 153542523676.0091
 10303.651461976777, -156126961783.18146, -29675102513.688393, 1323960501.80867, 158927633771.64862
 10327.009266744222, -139871578887.06808, -82019675394.66824, 575567081.7319628, 162146899475.98022
 10350.367071511668, -105985667103.29694, -124078810239.38608, -245958871.4340843, 163182637794.34042
 10373.724876279113, -58341210288.41035, -150409511291.48425, -1329061208.074862, 161333456879.0815
 10397.082681046555, -3302496531.8089294, -157504973229.21375, -2241214289.0595937, 157555533437.4754
 10420.440485813997, 52719658679.182, -142512151238.33014, -2959775727.92235, 151979722115.10895
 10443.798290581442, 100555985675.97762, -105889339782.04855, -3226031101.60595, 146063225390.28802
 10467.156095348888, 131413395409.78217, -50556417630.20801, -2951166745.8150024, 140833736163.9226
 10490.513900116333, 137281463695.66484, 14200390398.66021, -2117847981.0698843, 138030201919.61407
 10513.871704883779, 115393865693.74371, 76902215681.93044, -809881260.8142473, 138673540822.2943
 10537.22950965122, 70591581791.50453, 124479343560.82307, 661096545.6913576, 143103862427.96814
 10560.587314418663, 12079694091.902748, 150198417195.41977, 2094907305.15074, 150697950131.97922
 10583.945119186108, -48588393652.2095, 152563039327.02487, 3207911663.7096004, 160145570227.97595
 10607.302923953554, -104093983833.51813, 134928666288.65494, 3970817746.4878216, 170461344152.69568
 10630.660728720999, -148463723600.9854, 102560400360.79062, 4304403913.321805, 180495542439.92972
 10654.018533488445, -180071441223.57498, 60064328853.4313, 4249879713.6989503, 189872349283.74765
 10677.37633825589, -197545239587.45435, 12755284525.391197, 3860293396.0714374, 197994244441.83264
 10700.734143023335, -201456277019.3701, -36501644769.216896, 3111381400.4469886, 204760060352.55588
 10724.091947790777, -192713782193.81226, -83511573322.23508, 2166281073.4023666, 210041608972.81314
 10747.44975255822, -172180146224.44937, -126557964276.62607, 940617023.5254178, 213690911917.42682
 10770.807557325665, -142126345105.66632, -162629400189.349, -337489763.1359608, 215982253156.09293
 10794.16536209311, -103468737882.94331, -190422183005.04825, -1747330936.515039, 216724342575.7684
 10817.523166860556, -59333802260.63827, -208137453273.93076, -3064733496.7632914, 216451131060.7279
 10840.880971628001, -10933118022.662308, -214708006657.3924, -4330057230.974543, 215029790001.55267
 10864.238776395443, 38049311913.02184, -209651969024.41504, -5360666098.845303, 213144164813.1424
 10887.596581162885, 85929252613.93, -192389384968.52646, -6156103166.083043, 210797081359.17804
 10910.95438593033, 128861849250.28683, -164087877722.56152, -6597905602.076548, 208743239809.1777
 10934.312190697776, 164917484809.03867, -125144384470.0868, -6665601109.860338, 207131175824.1433
With respect to Earth
 10000.0, 0.0, 0.0, 0.0, 0.0
 10023.357804767445, -1758039.1086845398, 1588452.4930114746, -202917.57184708305, 2378036.6631284337
 10046.715609534891, -569315639.1595612, 393396907.55267334, -74432146.87720394, 696004000.2416767
 10070.073414302333, -1121726273.9811707, 958555197.6438141, -137232196.03112847, 1481867260.0125754
 10093.431219069775, -2608832603.4940033, 2079669314.6557007, -234788146.92252627, 3344571345.525331
 10116.78902383722, -5045904664.198151, 3674260707.319111, -293639390.2946332, 6248805463.21122
 10140.146828604666, -10003428867.332382, 5422198429.168964, -169029753.93164712, 11379692261.514606
 10163.504633372111, -17361668099.024124, 5096530209.468567, -12734516.060965635, 18094261563.396194
 10186.862438139557, -26340181618.627693, 816683457.8973541, 401074049.32820296, 26355891181.398895
 10210.220242906998, -33051437332.927498, -8857654249.813538, 732389975.3840853, 34225603627.36816
 10233.57804767444, -34428362608.58979, -21460310671.027634, 1247566043.0910254, 40588342008.97395
 10256.935852441886, -28760664902.419388, -32866222597.59987, 1531502696.640622, 43700228076.911224
 10280.293657209331, -18339167486.40033, -38232046946.03725, 1542201178.980471, 42431036544.664894
 10303.651461976777, -7429610883.783051, -37002590020.66117, 1324429517.692341, 37764333698.19857
 10327.009266744222, 721463800.1270142, -30103921423.27173, 572236569.8786193, 30118002087.87626
 10350.367071511668, 4216306083.953964, -21116248416.13562, -252579028.7253974, 21534553172.31563
 10373.724876279113, 4308785187.49044, -12397572122.301727, -1337954869.3170824, 13193011314.780993
 10397.082681046555, 2173559408.001259, -5596100044.022583, -2251025437.361512, 6411537391.4895735
 10420.440485813997, 181658115.91771698, 200754431.20489502, -2969013570.254828, 2981332519.7106905
 10443.798290581442, -2016390356.9866943, 5962388100.801239, -3233287455.0635595, 7076019340.236184
 10467.156095348888, -5515778239.761185, 13359817134.303825, -2955322531.9973454, 14752710080.537481
 10490.513900116333, -12815384478.278488, 20316659996.971973, -2118246540.2039416, 24114056505.775806
 10513.871704883779, -24248879563.91809, 24285952588.74453, -806444983.9686872, 34328792678.454624
 10537.22950965122, -36202199044.798996, 21602728732.23993, 667830104.9036509, 42163053748.59612
 10560.587314418663, -44430153211.08456, 13896297475.60608, 2103848352.2808073, 46600126349.40358
 10583.945119186108, -45461998648.30815, 5444626801.606903, 3217583489.2207923, 45899783502.949715
 10607.302923953554, -41860905862.642365, 1582910796.924347, 3979603401.9787083, 42079428340.56882
 10630.660728720999, -37518723419.65648, 5276806984.040268, 4310827624.975593, 38132434144.69824
 10654.018533488445, -38796889508.98233, 14987995982.707428, 4252862652.8412848, 41808198955.39354
 10677.37633825589, -49019916640.28027, 27279755661.32261, 3859330136.2317705, 56231945773.39394
 10700.734143023335, -69511200117.15294, 35325117748.994026, 3106607485.6182227, 78034107259.43416
 10724.091947790777, -98124454586.4598, 34342034936.941788, 2158430986.6870856, 103982896554.31145
 10747.44975255822, -129593743488.46242, 19110757400.832367, 930893156.0480793, 130998572365.7126
 10770.807557325665, -158060959993.21912, -11389322368.381805, -347607391.68716556, 158471147433.49243
 10794.16536209311, -175508803377.57172, -56571810352.46094, -1756304573.851856, 184409312116.65552
 10817.523166860556, -176520569918.59662, -112021827461.17178, -3071191198.760843, 209088100205.40637
 10840.880971628001, -155286468497.1513, -171050767069.56152, -4332996730.115783, 231064984526.14008
 10864.238776395443, -111004757253.53973, -225219902886.4508, -5359615639.844364, 251146941587.8013
 10887.596581162885, -44208875185.19182, -264684491121.94147, -6151214548.1105, 268421575001.038
 10910.95438593033, 38651521015.520935, -281401851159.3986, -6589955841.79252, 284120343218.7607
 10934.312190697776, 129445194346.18541, -268174956109.9961, -6655888000.549197, 297855948856.1474