[ 1.00000000e+04  9.34312191e+02  4.52595249e+02 -6.71803716e-01
  7.35094472e-01 -9.22020757e-02 -4.47921918e-01 -8.94064083e-01
 -4.08698536e-03 -8.37680959e-01  5.35018193e-01 -1.09757891e-01
 -9.75056805e-01  2.06333529e-01 -8.17978569e-02 -8.25815740e-01
  5.31650045e-01  1.88088310e-01 -6.93890113e-01  6.25399354e-01
  3.56925234e-01 -7.38781779e-01  5.00360102e-01  4.51488249e-01
  5.53304984e-02  9.98175943e-01 -2.42838179e-02  4.66244880e-01
  7.56414933e-01 -4.58755124e-01  8.10637999e-01  4.56775603e-01
 -3.66363470e-01  7.95249160e-01  5.89469004e-01 -1.41792610e-01
  4.36989350e-01  8.99371482e-01 -1.30874711e-02 -2.14895676e-01
  9.74953493e-01  5.73203879e-02 -8.12756672e-01  5.76391538e-01
  8.48498686e-02 -9.95198869e-01 -6.98316532e-02  6.85767506e-02
 -7.50019782e-01 -6.61391170e-01  5.68087457e-03 -1.39773729e-01
 -9.86139700e-01 -8.93981681e-02  5.40494504e-01 -8.28456902e-01
 -1.46716260e-01  9.11635908e-01 -3.87234171e-01 -1.37730432e-01
  9.92628967e-01  7.04186772e-02 -9.86354600e-02  8.80700980e-01
  4.70561580e-01 -5.41995797e-02  6.21184049e-01  7.83552610e-01
 -1.32555317e-02]