[ 1.00000000e+04  9.34312171e+02  4.52595256e+02 -6.66809815e-01
  7.39063804e-01 -9.72844873e-02 -4.50764491e-01 -8.92740144e-01
 -5.70522046e-03 -8.37963274e-01  5.34602644e-01 -1.09627224e-01
 -9.75170250e-01  2.05805740e-01 -8.18021189e-02 -8.25612832e-01
  5.32085869e-01  1.87754824e-01 -6.92505595e-01  6.27131405e-01
  3.56574174e-01 -7.39666923e-01  5.00580544e-01  4.49793830e-01
  5.95589212e-02  9.97950790e-01 -2.34154711e-02  4.66427582e-01
  7.55694423e-01 -4.59756751e-01  8.10543359e-01  4.56057437e-01
 -3.67466336e-01  7.95303523e-01  5.89438290e-01 -1.41615763e-01
  4.37043424e-01  8.99342221e-01 -1.32942264e-02 -2.15459161e-01
  9.74826465e-01  5.73648826e-02 -8.13035787e-01  5.76014350e-01
  8.47376310e-02 -9.95202519e-01 -6.99811051e-02  6.83714016e-02
 -7.50213153e-01 -6.61171098e-01  5.75769948e-03 -1.40675348e-01
 -9.86063979e-01 -8.88160533e-02  5.39585340e-01 -8.29024064e-01
 -1.46856397e-01  9.11600785e-01 -3.87308968e-01 -1.37752691e-01
  9.92602816e-01  7.06210366e-02 -9.87539152e-02  8.80558548e-01
  4.70821203e-01 -5.42597600e-02  6.21039816e-01  7.83667637e-01
 -1.32134907e-02]