[ 1.00000000e+04  9.34312947e+02  4.52594966e+02 -4.99470164e-01
  8.38050329e-01 -2.19547785e-01 -4.40186087e-01 -8.97682848e-01
 -2.03010721e-02 -8.38013210e-01  5.34511673e-01 -1.09686734e-01
 -9.75069583e-01  2.06351419e-01 -8.15998572e-02 -8.25520329e-01
  5.32134891e-01  1.88013149e-01 -6.92890920e-01  6.26280497e-01
  3.57316526e-01 -7.39404952e-01  5.00058585e-01  4.50802920e-01
  5.75508130e-02  9.98089378e-01 -2.25093909e-02  4.63960655e-01
  7.57346002e-01 -4.59531363e-01  8.10857954e-01  4.56108154e-01
 -3.66707968e-01  7.95543125e-01  5.89079543e-01 -1.41761974e-01
  4.37235382e-01  8.99249399e-01 -1.32571300e-02 -2.15101952e-01
  9.74909188e-01  5.72998473e-02 -8.13122722e-01  5.75919001e-01
  8.45503496e-02 -9.95196689e-01 -7.00395177e-02  6.83981989e-02
 -7.49732239e-01 -6.61718892e-01  5.45056194e-03 -1.40075219e-01
 -9.86115569e-01 -8.91909137e-02  5.39630976e-01 -8.29012974e-01
 -1.46751699e-01  9.11580441e-01 -3.87390704e-01 -1.37657523e-01
  9.92632102e-01  7.04553811e-02 -9.85776318e-02  8.80653711e-01
  4.70655882e-01 -5.41489618e-02  6.21220686e-01  7.83524691e-01
 -1.31884383e-02]