[ 1.00000000e+04  1.08612446e+03  1.53022251e+03 -4.37768726e-01
  8.64176799e-01 -2.48446926e-01  7.64965992e-01 -6.36312065e-01
 -9.96830647e-02 -6.13340893e-01  7.30424065e-01 -3.00489572e-01
 -5.26026571e-01  8.50468140e-01  1.79304673e-04 -1.62229885e-01
  6.09232474e-01  7.76221475e-01  1.55047341e-02  1.07031650e-01
  9.94134998e-01  5.37223557e-01 -7.92300807e-01  2.89223952e-01
  6.23638078e-01 -7.15942628e-01 -3.13849905e-01  9.26915872e-01
 -2.97525718e-01 -2.28703898e-01  9.31087258e-01  3.51860848e-01
 -9.62834262e-02  4.64727789e-01  8.85022077e-01  2.76406781e-02
 -2.69391907e-01  9.55757978e-01  1.18130008e-01 -8.66444206e-01
  4.78179700e-01  1.43591831e-01 -9.44553959e-01 -3.18883124e-01
  7.83030784e-02 -4.11700323e-01 -9.10604842e-01 -3.60792519e-02
  3.07603799e-01 -9.45425950e-01 -1.07469651e-01  8.18338535e-01
 -5.63240003e-01 -1.14379859e-01  9.96725763e-01 -2.19159662e-03
 -8.08266638e-02  8.41703705e-01  5.39162747e-01 -2.89553482e-02
  4.32134462e-01  9.01457255e-01  2.51917786e-02 -9.20401130e-02
  9.93313061e-01  6.96977835e-02 -5.77270934e-01  8.10948887e-01
  9.54996236e-02]