[ 1.00000000e+04  9.34314569e+02  4.52594359e+02 -7.67165982e-01
  6.40171559e-01 -5.56535406e-02 -3.64787767e-01 -9.03799103e-01
 -2.23853419e-01 -8.38245741e-01  5.34054815e-01 -1.10134435e-01
 -9.75013159e-01  2.06367908e-01 -8.22294454e-02 -8.25527275e-01
  5.32519845e-01  1.86890114e-01 -6.92356868e-01  6.27181802e-01
  3.56774192e-01 -7.39202562e-01  4.99855236e-01  4.51360431e-01
  5.81765040e-02  9.98022539e-01 -2.38016326e-02  4.65879414e-01
  7.56829008e-01 -4.58440784e-01  8.10454168e-01  4.56501127e-01
 -3.67111584e-01  7.95599087e-01  5.88966021e-01 -1.41920869e-01
  4.37026197e-01  8.99351756e-01 -1.32119499e-02 -2.15332818e-01
  9.74845910e-01  5.75086931e-02 -8.13049013e-01  5.75993650e-01
  8.47504910e-02 -9.95195764e-01 -6.98824460e-02  6.85701202e-02
 -7.49858667e-01 -6.61577048e-01  5.27759910e-03 -1.40382431e-01
 -9.86053139e-01 -8.93985712e-02  5.39387142e-01 -8.29165915e-01
 -1.46783633e-01  9.11447696e-01 -3.87650945e-01 -1.37803652e-01
  9.92639566e-01  7.04145744e-02 -9.85316725e-02  8.80690070e-01
  4.70599721e-01 -5.40454742e-02  6.21186948e-01  7.83553709e-01
 -1.30522857e-02]