[ 9.56074494e+03  7.37865308e+02  5.25931110e+02 -4.42086753e-01
 -8.96848327e-01 -1.72666812e-02  1.02555390e-02 -9.97701425e-01
 -6.70943662e-02 -9.97624382e-02 -9.94279786e-01 -3.81475451e-02
  6.23629939e-01 -7.78354732e-01 -7.24557453e-02  9.84867156e-01
 -1.59245396e-01 -6.83941413e-02  8.95084152e-01  4.44191077e-01
 -3.89701764e-02  5.45352165e-01  8.38175133e-01 -7.31188170e-03
  9.57402336e-02  9.95210618e-01  1.97393231e-02 -3.41735367e-01
  9.38941225e-01  4.00790588e-02 -6.90160638e-01  7.21633875e-01
  5.40635228e-02 -9.09266981e-01  4.11752854e-01  6.07712489e-02
 -9.95069802e-01  8.12478516e-02  5.68760501e-02 -9.76408750e-01
 -2.13420733e-01  3.28271258e-02 -8.99420185e-01 -4.35731250e-01
 -3.43845047e-02 -7.85278932e-01 -5.77902837e-01 -2.22183792e-01
 -3.02253111e-01 -5.41184034e-01 -7.84708005e-01  7.22270301e-01
  1.93829338e-01 -6.63896048e-01  8.23693345e-01  4.71753130e-01
 -3.14610527e-01  7.52607646e-01  6.39498863e-01 -1.56923168e-01
  6.05004294e-01  7.93600635e-01 -6.45601207e-02  3.98668081e-01
  9.17069717e-01 -6.87831902e-03  1.48695489e-01  9.88179081e-01
  3.73082497e-02]