 run, tof, wet mass
 0, 1028.9053658532825, 2107.843350296457
 1, 1086.1244618947323, 2156.5491210294826
 2, 1028.9060276972882, 2107.8439007410384
 3, 1302.547718604469, 2363.3404961770293
 4, 1028.9059014914442, 2107.843795843916
 5, 1028.9075526708793, 2107.8451693015036
 6, 1028.9054499221822, 2107.843420106105
 7, 1041.0515107882893, 2117.9958470474985
 8, 1091.1900070481927, 2160.970694390803
 9, 1392.316302690374, 2444.1729363352188
 10, 1028.9051562540596, 2107.8431761487163
 11, 1162.6468043520451, 2204.639214570168
 12, 1086.1244629562516, 2156.5491219953024
 13, 1086.1244645610484, 2156.5491232934073
 14, 1352.575280995464, 2416.986452772895
 15, 1086.1245912212971, 2156.549233545668
 16, 1028.9245937677858, 2107.859344551416
 17, 1028.905985802681, 2107.8438658826767
 18, 1028.9059429421727, 2107.8438300616995
 19, 1086.3553744549724, 2156.7502809842904
 mean 1101.6676477984454, 2173.083118753764
 std 110.48374617067935, 103.20301039121118