[ 9.49700000e+03  1.02890599e+03  1.56558085e+03 -9.94376843e-01
 -1.03790987e-01  2.12459502e-02 -2.78170437e-01 -9.55278302e-01
 -1.02588143e-01 -8.56790192e-01 -5.15660552e-01  2.19206645e-03
 -1.31341178e-01 -9.90182668e-01 -4.78307801e-02  6.83701115e-01
 -7.26305025e-01 -7.09513264e-02  9.98768743e-01  2.21599892e-02
 -4.43842520e-02  7.05099574e-01  7.09010797e-01  1.17710749e-02
  7.75886034e-02  9.95037289e-01  6.22962314e-02 -5.52931251e-01
  8.28605489e-01  8.76355238e-02 -9.41230940e-01  3.29093968e-01
  7.60360742e-02 -9.54995159e-01 -2.96046024e-01  1.84662454e-02
 -5.86040475e-01 -8.05418154e-01 -8.86465580e-02  4.19804900e-02
 -9.75831152e-01 -2.14455788e-01  6.61282441e-01 -6.97823105e-01
 -2.75224925e-01  9.71296056e-01 -1.18984932e-01 -2.05978071e-01
  8.92257068e-01  4.48560788e-01 -5.16940472e-02  5.80112192e-01
  8.07560893e-01  1.06376128e-01  2.20451661e-01  9.46566170e-01
  2.35402384e-01 -5.98093573e-02  9.39218142e-01  3.38071516e-01
 -1.54247016e-01  8.98108999e-01  4.11835897e-01  3.94120461e-02
  9.24921986e-01  3.78108808e-01  2.77258513e-01  9.45628060e-01
  1.70047394e-01]