[ 1.02805452e+04  8.33769069e+02  6.90590910e+02 -4.91592432e-01
 -8.69800218e-01 -4.37391549e-02  5.94366235e-01 -7.05350668e-01
 -3.86282484e-01 -3.08748039e-01 -9.46745640e-01 -9.13682586e-02
  5.50193661e-02 -9.83662056e-01 -1.71411406e-01  3.84139829e-01
 -8.95981084e-01 -2.22833684e-01  6.43511656e-01 -7.25545077e-01
 -2.43882603e-01  8.26295872e-01 -5.10372711e-01 -2.38234077e-01
  9.37972480e-01 -2.70239278e-01 -2.17205843e-01  9.82470217e-01
 -2.46548940e-02 -1.84782555e-01  9.65727362e-01  2.14084648e-01
 -1.46759766e-01  8.94451878e-01  4.34865715e-01 -1.04152495e-01
  7.76258440e-01  6.27512066e-01 -6.04277540e-02  6.20301787e-01
  7.84196230e-01 -1.61857552e-02  4.36892209e-01  8.99091012e-01
  2.75809846e-02  2.37652008e-01  9.68801432e-01  7.03230864e-02
  3.18288906e-02  9.93305298e-01  1.11047435e-01 -1.69787415e-01
  9.74062958e-01  1.49578142e-01 -3.59545049e-01  9.14665874e-01
  1.84698942e-01 -5.30211031e-01  8.19778689e-01  2.16424033e-01
 -6.77569882e-01  6.94535056e-01  2.41909332e-01 -7.98069269e-01
  5.43231211e-01  2.60740645e-01 -8.88577738e-01  3.70548855e-01
  2.70413036e-01 -9.47711758e-01  1.75157161e-01  2.66764771e-01
 -9.69445854e-01 -4.36909520e-02  2.41383286e-01 -9.39190453e-01
 -2.88692614e-01  1.85951823e-01 -8.28597298e-01 -5.52301121e-01
  9.15974232e-02 -6.08037561e-01 -7.92791811e-01 -4.20976684e-02
 -2.91316329e-01 -9.38606232e-01 -1.84806225e-01  4.49249939e-02
 -9.53829896e-01 -2.96968511e-01  3.30440635e-01 -8.73192427e-01
 -3.58251869e-01  5.46825177e-01 -7.45916229e-01 -3.80251675e-01
  7.07389796e-01 -5.98983443e-01 -3.75258392e-01  8.23096989e-01
 -4.43257258e-01 -3.55013278e-01  9.02653709e-01 -2.82640994e-01
 -3.24546424e-01  9.49790161e-01 -1.19260387e-01 -2.89268486e-01
  9.67447494e-01  4.53251863e-02 -2.48980077e-01  9.56090143e-01
  2.06541128e-01 -2.07924116e-01  9.17931710e-01  3.60697814e-01
 -1.65222759e-01  8.55361380e-01  5.03239188e-01 -1.22911845e-01
  7.70693062e-01  6.32136248e-01 -8.02246893e-02  6.68122488e-01
  7.43059070e-01 -3.84139594e-02  5.51106343e-01  8.34429873e-01
  2.94062601e-03  4.23976564e-01  9.04687429e-01  4.22456359e-02
  2.90814423e-01  9.53250546e-01  8.20999471e-02  1.57151305e-01
  9.80067871e-01  1.21533756e-01  2.57669959e-02  9.86831600e-01
  1.59685699e-01 -9.93809881e-02  9.75548164e-01  1.96033985e-01
 -2.16702703e-01  9.48204549e-01  2.32267260e-01 -3.21824950e-01
  9.08259747e-01  2.67382012e-01 -4.14364979e-01  8.58559507e-01
  3.01955721e-01 -4.94016890e-01  8.02080953e-01  3.35579372e-01
 -5.59396402e-01  7.43071985e-01  3.67314422e-01]