[ 9.56075639e+03  7.37865053e+02  5.25931206e+02 -4.52519567e-01
 -8.91980656e-01  1.87784334e-03 -1.62696998e-02 -9.97959181e-01
 -6.20528039e-02 -9.99721087e-02 -9.94227776e-01 -3.89548539e-02
  6.23241900e-01 -7.78725296e-01 -7.18094336e-02  9.84766201e-01
 -1.59909200e-01 -6.82982382e-02  8.95268513e-01  4.43902779e-01
 -3.80232485e-02  5.46297780e-01  8.37568378e-01 -6.38584456e-03
  9.48850441e-02  9.95291704e-01  1.97979472e-02 -3.41683225e-01
  9.38980157e-01  3.96114851e-02 -6.90477849e-01  7.21288535e-01
  5.46227613e-02 -9.09205926e-01  4.11788042e-01  6.14494170e-02
 -9.95213068e-01  7.95243918e-02  5.68083831e-02 -9.76633355e-01
 -2.12496569e-01  3.21748692e-02 -8.99858937e-01 -4.34726787e-01
 -3.56150715e-02 -7.86031463e-01 -5.77303535e-01 -2.21087667e-01
 -3.06342388e-01 -5.39617806e-01 -7.84203589e-01  7.26249680e-01
  1.93783025e-01 -6.59554989e-01  8.24383136e-01  4.68903958e-01
 -3.17052680e-01  7.52866334e-01  6.38700467e-01 -1.58919352e-01
  6.05156654e-01  7.93328416e-01 -6.64499974e-02  3.97224039e-01
  9.17705429e-01 -5.53326211e-03  1.48472436e-01  9.88164519e-01
  3.85685553e-02]