[ 9.56073406e+03  7.37865506e+02  5.25931037e+02 -4.31391403e-01
 -9.02350772e-01 -2.04374510e-02  4.05205256e-02 -9.98610680e-01
  4.07588139e-02 -1.00073770e-01 -9.94247714e-01 -3.81674912e-02
  6.23181405e-01 -7.78709152e-01 -7.25062778e-02  9.84802344e-01
 -1.59726605e-01 -6.82050296e-02  8.95267991e-01  4.43820361e-01
 -3.89732837e-02  5.45076523e-01  8.38357736e-01 -6.96496694e-03
  9.58655256e-02  9.95200441e-01  1.96572420e-02 -3.41795953e-01
  9.38928827e-01  3.98622425e-02 -6.90419164e-01  7.21378545e-01
  5.41705555e-02 -9.09412996e-01  4.11475855e-01  6.04637835e-02
 -9.95187896e-01  8.01502027e-02  5.63667447e-02 -9.76253224e-01
 -2.14146254e-01  3.27286630e-02 -8.99442115e-01 -4.35635024e-01
 -3.50256896e-02 -7.85054932e-01 -5.78012495e-01 -2.22690948e-01
 -3.05015887e-01 -5.37252046e-01 -7.86338187e-01  7.26101065e-01
  1.94540212e-01 -6.59493777e-01  8.24640850e-01  4.69160632e-01
 -3.16001167e-01  7.52313810e-01  6.39612185e-01 -1.57862786e-01
  6.05265327e-01  7.93214572e-01 -6.68188900e-02  3.97688366e-01
  9.17499931e-01 -6.17312889e-03  1.48485218e-01  9.88193396e-01
  3.77673336e-02]