[ 9.56073420e+03  7.37865028e+02  5.25931215e+02 -4.44400247e-01
 -8.96000033e-01 -1.21425554e-02 -1.81432917e-02 -9.98080916e-01
 -6.01710854e-02 -1.00150681e-01 -9.94242484e-01 -3.81016248e-02
  6.23151373e-01 -7.78744693e-01 -7.23815667e-02  9.84811521e-01
 -1.59635963e-01 -6.82836595e-02  8.95259043e-01  4.43820158e-01
 -3.91783896e-02  5.45339240e-01  8.38184988e-01 -7.14610849e-03
  9.56816098e-02  9.95216720e-01  1.97171222e-02 -3.41801218e-01
  9.38911958e-01  4.02031543e-02 -6.90312017e-01  7.21489998e-01
  5.40514462e-02 -9.09351298e-01  4.11608575e-01  6.04864485e-02
 -9.95193946e-01  8.01218629e-02  5.62983284e-02 -9.76272315e-01
 -2.14088476e-01  3.25346135e-02 -8.99335334e-01 -4.35865646e-01
 -3.48878263e-02 -7.84918122e-01 -5.78333994e-01 -2.22336170e-01
 -3.04662766e-01 -5.37490484e-01 -7.86310785e-01  7.26052682e-01
  1.95077378e-01 -6.59387927e-01  8.24150624e-01  4.69826212e-01
 -3.16289589e-01  7.52537422e-01  6.39349895e-01 -1.57858074e-01
  6.05381212e-01  7.93147542e-01 -6.65625190e-02  3.97686227e-01
  9.17500864e-01 -6.15086245e-03  1.48381512e-01  9.88211870e-01
  3.76860117e-02]