[ 9.56074504e+03  7.37864997e+02  5.25931226e+02 -4.38719443e-01
 -8.98261688e-01 -3.41283182e-02 -5.72744679e-02 -9.96628021e-01
 -8.82539546e-02 -9.94109916e-02 -9.94406192e-01 -3.57759460e-02
  6.24048751e-01 -7.78084741e-01 -7.17485772e-02  9.84934404e-01
 -1.58501030e-01 -6.91630444e-02  8.95047429e-01  4.44424747e-01
 -3.71593527e-02  5.45817283e-01  8.37888386e-01 -5.46796100e-03
  9.57731123e-02  9.95201699e-01  2.00318888e-02 -3.41416303e-01
  9.38944677e-01  4.27173693e-02 -6.89794423e-01  7.21985682e-01
  5.40486035e-02 -9.09437445e-01  4.11802069e-01  5.78639744e-02
 -9.95233103e-01  7.92137712e-02  5.68976868e-02 -9.76198479e-01
 -2.14424964e-01  3.25341086e-02 -8.99783799e-01 -4.34912657e-01
 -3.52310863e-02 -7.84564796e-01 -5.78640400e-01 -2.22789003e-01
 -3.04329149e-01 -5.39863685e-01 -7.84816089e-01  7.24762390e-01
  1.96304223e-01 -6.60445190e-01  8.23791860e-01  4.69543311e-01
 -3.17643653e-01  7.52234194e-01  6.39841662e-01 -1.57311630e-01
  6.05653785e-01  7.92872855e-01 -6.73565068e-02  3.97747214e-01
  9.17468997e-01 -6.96756280e-03  1.48252785e-01  9.88250841e-01
  3.71769189e-02]