[ 9.50721513e+03  1.39231630e+03  1.35014996e+03 -8.89238799e-01
 -4.38061301e-01 -1.31865819e-01  7.25551724e-01  6.86361881e-01
  5.09412195e-02 -5.04656505e-01 -8.60663501e-01  6.76768266e-02
  6.07807905e-01 -7.93525448e-01  2.97811053e-02  9.86685549e-01
  1.32293791e-01 -9.46043477e-02  4.19274301e-01  9.06888639e-01
  4.19768889e-02 -5.04413947e-01  8.54543159e-01  1.23784330e-01
 -9.97133803e-01  6.31417072e-02 -4.16810531e-02 -6.01175582e-01
 -7.98156849e-01  3.91607693e-02  2.40816855e-01 -9.69038583e-01
  5.45112309e-02  8.56299349e-01 -5.00258665e-01  1.28423929e-01
  9.77596914e-01  2.08646376e-01 -2.77663515e-02  6.86416552e-01
  7.14384936e-01 -1.35965004e-01  1.81335493e-01  9.83420391e-01
  1.33603272e-03 -2.14418197e-01  9.75429336e-01  5.06217284e-02
 -4.94796756e-01  8.65938944e-01  7.29790201e-02 -4.55421630e-01
  8.80487364e-01  1.31664245e-01 -1.25572322e-01  9.90989599e-01
  4.66627448e-02  8.56161912e-01 -2.26134042e-01 -4.64604858e-01
  9.39796234e-01 -7.36421127e-02 -3.33718032e-01  5.04208498e-01
  2.81111946e-01 -5.33339208e-01 -8.46218012e-01 -5.30386319e-01
 -5.10439814e-02]