[ 9.56074612e+03  7.37866651e+02  5.25930610e+02 -3.89938301e-01
 -9.17505212e-01  7.86582607e-02 -1.46596485e-01 -9.86460356e-01
 -7.39954344e-02 -9.77160400e-02 -9.94435639e-01 -3.94012965e-02
  6.22264355e-01 -7.79270968e-01 -7.43260637e-02  9.84753511e-01
 -1.60336031e-01 -6.74774779e-02  8.95934321e-01  4.42559303e-01
 -3.80570669e-02  5.44964592e-01  8.38418893e-01 -8.25664518e-03
  9.53754464e-02  9.95249134e-01  1.95668125e-02 -3.43485239e-01
  9.38367085e-01  3.85372736e-02 -6.90453118e-01  7.21367076e-01
  5.39172465e-02 -9.08964802e-01  4.12308717e-01  6.15210599e-02
 -9.95140346e-01  8.04891473e-02  5.67229373e-02 -9.76058058e-01
 -2.14964338e-01  3.31832931e-02 -9.00032063e-01 -4.34505876e-01
 -3.38730908e-02 -7.85262013e-01 -5.78241140e-01 -2.21364608e-01
 -3.05354835e-01 -5.36904098e-01 -7.86446408e-01  7.26196784e-01
  1.94864376e-01 -6.59295035e-01  8.24379050e-01  4.68359915e-01
 -3.17867899e-01  7.53057827e-01  6.38882139e-01 -1.57273659e-01
  6.05467138e-01  7.93201633e-01 -6.51377272e-02  3.97253451e-01
  9.17696263e-01 -4.96327179e-03  1.47532139e-01  9.88329908e-01
  3.79360972e-02]