[ 1.00000000e+04  9.34312191e+02  4.52595249e+02 -6.61788730e-01
  7.43158672e-01 -9.89427701e-02 -4.80078314e-01 -8.78014591e-01
 -1.92094113e-03 -8.38489979e-01  5.33532006e-01 -1.10817127e-01
 -9.74546019e-01  2.08361599e-01 -8.27660235e-02 -8.25648366e-01
  5.31440312e-01  1.89420493e-01 -6.91852387e-01  6.26444424e-01
  3.59043665e-01 -7.39253471e-01  5.00069328e-01  4.51037677e-01
  5.72087851e-02  9.98050093e-01 -2.50400393e-02  4.63549803e-01
  7.58209890e-01 -4.58526146e-01  8.12028446e-01  4.55509477e-01
 -3.64866039e-01  7.95160341e-01  5.89528959e-01 -1.42041996e-01
  4.37513207e-01  8.99111884e-01 -1.34262100e-02 -2.15775359e-01
  9.74763942e-01  5.72423944e-02 -8.12882786e-01  5.76164295e-01
  8.51849891e-02 -9.95184687e-01 -7.00897224e-02  6.85192634e-02
 -7.49904285e-01 -6.61524618e-01  5.36176561e-03 -1.40542220e-01
 -9.86106750e-01 -8.85541769e-02  5.39255956e-01 -8.29238975e-01
 -1.46854193e-01  9.11499737e-01 -3.87791362e-01 -1.37064710e-01
  9.92640206e-01  7.02384077e-02 -9.86511645e-02  8.80451163e-01
  4.71043779e-01 -5.40719086e-02  6.21083018e-01  7.83632495e-01
 -1.32674049e-02]