[ 9.49700000e+03  1.02890603e+03  1.56558083e+03 -9.95039680e-01
 -9.65731780e-02  2.39990831e-02 -2.87593567e-01 -9.55180289e-01
 -7.05634625e-02 -8.56700526e-01 -5.15808526e-01  2.40841295e-03
 -1.31364346e-01 -9.90189211e-01 -4.76325754e-02  6.83676663e-01
 -7.26338729e-01 -7.08399101e-02  9.98781132e-01  2.20412474e-02
 -4.41651977e-02  7.05147299e-01  7.08968010e-01  1.14886805e-02
  7.78048112e-02  9.95016867e-01  6.23535617e-02 -5.52730761e-01
  8.28732375e-01  8.77011740e-02 -9.41349452e-01  3.28741297e-01
  7.60945400e-02 -9.54873634e-01 -2.96432146e-01  1.85582436e-02
 -5.86128212e-01 -8.05424442e-01 -8.80069662e-02  4.22512244e-02
 -9.75785128e-01 -2.14611894e-01  6.61353731e-01 -6.97578302e-01
 -2.75674137e-01  9.71356763e-01 -1.18646540e-01 -2.05886506e-01
  8.92331252e-01  4.48358406e-01 -5.21541755e-02  5.79879645e-01
  8.07730637e-01  1.06352757e-01  2.20088092e-01  9.46577337e-01
  2.35696111e-01 -6.00586780e-02  9.39253516e-01  3.37928693e-01
 -1.54851312e-01  8.98001695e-01  4.11842389e-01  4.02196806e-02
  9.24731569e-01  3.78490385e-01  2.76992074e-01  9.45911551e-01
  1.68900951e-01]