With respect to sun
t, X, Y, Z, R
 10000.0, -81436915260.56427, -127543644341.09442, 7924183.770011434, 151325319896.4291
 10023.360525243588, -26770749136.5812, -149509200271.0118, 8975007.027023437, 151887043738.30585
 10046.721050487176, 31419929858.817314, -148302536308.2334, -69797210.94641009, 151594390197.78583
 10070.081575730768, 84770563616.85065, -124351762183.34729, -137836084.0314657, 150497269785.23013
 10093.44210097436, 124094798749.84822, -80765916705.69827, -234962957.35039538, 148063187814.08313
 10116.802626217948, 142958369585.75354, -23974561253.46798, -293312888.48540056, 144955031145.3995
 10140.163151461536, 136168946905.58438, 37263938305.6673, -116521669.31600285, 141175765543.25412
 10163.523676705125, 103697887858.4151, 91324635398.8065, 81839814.67362855, 138179042096.7545
 10186.884201948713, 49969096401.34143, 127402969806.98865, 526686223.7735722, 136852857877.30312
 10210.244727192305, -14065606425.514297, 137186451859.47832, 862797556.4131529, 137908332879.2491
 10233.605252435897, -75918552009.13757, 119686294939.61528, 1357781659.925427, 141740182399.25027
 10256.965777679485, -123786520693.29279, 79767532761.5717, 1600675880.9647634, 147270241907.50595
 10280.326302923073, -151107434402.91818, 27127593294.93569, 1518544408.6978452, 153530677803.9127
 10303.686828166661, -156116609379.45288, -29686148417.890858, 1211149456.903096, 158918627023.49487
 10327.04735341025, -139684402582.49588, -82096252276.5307, 528344010.74855685, 162024091141.02213
 10350.407878653838, -105604227927.11734, -124185507148.75003, -221726634.48161715, 163016386613.66296
 10373.768403897426, -57809210909.61044, -150437274741.4694, -1256826499.747987, 161167174419.86328
 10397.128929141018, -2663996807.906784, -157388144422.6402, -2129737947.8829122, 157425095418.49112
 10420.48945438461, 53364200653.21781, -142191616872.31503, -2829505477.459106, 151901941795.90692
 10443.849979628198, 101096356164.70676, -105377530405.88591, -3096128759.8934145, 146063284769.04282
 10467.210504871786, 131746297438.29951, -49930781555.54381, -2843096072.653474, 140919313902.41248
 10490.571030115374, 137385214218.00839, 14809841998.863152, -2052847790.6661391, 138196391739.47702
 10513.931555358962, 115332469230.42538, 77385391396.64226, -799940857.3691891, 138891026224.78467
 10537.292080602554, 70474671900.17992, 124806708958.78949, 613236744.0487242, 143330980739.91626
 10560.652605846146, 11984457602.068047, 150406396242.454, 2001148620.4883423, 150896374543.78793
 10584.013131089734, -48637449805.35788, 152703948877.13788, 3083784480.283016, 160292255748.55786
 10607.373656333322, -104104674137.09616, 135037403572.78194, 3833288401.800116, 170550806626.18027
 10630.73418157691, -148449069238.3239, 102645849802.04688, 4168944933.309706, 180528880629.01743
 10654.094706820499, -180044693064.80185, 60130636454.70993, 4125322315.639591, 189865223844.3236
 10677.455232064087, -197503820233.43295, 12796014651.03695, 3756373707.968341, 197953548443.0215
 10700.815757307675, -201403011173.7377, -36487594435.4916, 3024799747.1656637, 204703851627.29126
 10724.176282551267, -192638836742.39087, -83522693123.26694, 2102296313.8807297, 209976620931.513
 10747.536807794859, -172080501878.81158, -126589686636.5564, 890435349.5765932, 213629213275.51855
 10770.897333038447, -141997106960.16513, -162672416221.17728, -371145928.58734274, 215929690254.93652
 10794.257858282035, -103308046589.79324, -190459053617.33966, -1774249240.9802601, 216680298032.33307
 10817.618383525623, -59145540184.78247, -208157838145.04947, -3083412433.0026407, 216419472176.60965
 10840.978908769212, -10726022947.698471, -214693544859.53622, -4344714048.0691185, 215005214617.66394
 10864.339434012803, 38264397558.64222, -209596819450.51547, -5370374865.204032, 213128674209.9491
 10887.699959256395, 86135226173.37852, -192282869298.77722, -6161781142.090588, 210784123122.5747
 10911.060484499983, 129044852254.15634, -163931547086.3114, -6599081667.509934, 208733499712.58334
 10934.421009743572, 165063723530.14377, -124943320771.78723, -6664972073.868707, 207126261212.4858
With respect to Earth
 10000.0, 0.0, 0.0, 0.0, 0.0
 10023.360525243588, -1563191.5614776611, 1734563.1092834473, -335594.11729745194, 2359004.1224056147
 10046.721050487176, -569780908.1399918, 391641584.3595886, -79078438.89575261, 695907187.3308334
 10070.081575730768, -1122610898.8759766, 954526596.0668335, -145675590.52535734, 1480742256.6230004
 10093.44210097436, -2610124655.511154, 2072492387.58815, -240157528.15592217, 3341504309.7754664
 10116.802626217948, -5046642445.617615, 3664221741.5591087, -295050035.57879597, 6243570730.6571665
 10140.163151461536, -9988679260.3414, 5409155288.780216, -114514935.40255073, 11359832215.95036
 10163.523676705125, -17327735689.947235, 5083592657.804123, 87285146.0436416, 18058265618.488144
 10186.884201948713, -26282358840.0365, 809528149.626831, 534697734.5610104, 26300259004.215675
 10210.244727192305, -32973761156.703922, -8846663299.06157, 872060418.5384895, 34151030229.261032
 10233.605252435897, -34340508251.300964, -21420141983.60594, 1366752416.1820884, 40496431962.86121
 10256.965777679485, -28677676297.17308, -32800008918.915543, 1607848562.5118463, 43598565112.700134
 10280.326302923073, -18288187007.292114, -38152484957.72505, 1522713418.6943257, 42336610027.47617
 10303.686828166661, -7413325483.181122, -36922377752.258484, 1211612633.1410127, 37678739081.51442
 10327.04735341025, 876248506.2941284, -30088183150.15384, 525007564.41701275, 30105517927.195328
 10350.407878653838, 4527724807.637665, -21145830568.27841, -228351776.01334086, 21626340117.77406
 10373.768403897426, 4740578789.6336975, -12378643294.070679, -1265723207.07574, 13315628122.604506
 10397.128929141018, 2695039236.7582283, -5474580821.590546, -2139549442.583477, 6466215545.205144
 10420.48945438461, 709994334.8341751, 478174010.6512146, -2838740572.181609, 2964994161.2267737
 10443.849979628198, -1571866417.0639954, 6384740614.6670685, -3103379345.5977325, 7270944925.685755
 10467.210504871786, -5239771836.872543, 13859059186.090973, -2847243662.2621617, 15087595133.033869
 10490.571030115374, -12715156978.281403, 20779744682.144913, -2053236814.091411, 24447674479.43072
 10513.931555358962, -24253381510.112274, 24625588017.422104, -796495186.621481, 34572828991.29272
 10537.292080602554, -36204697679.87825, 21814779651.311615, 619977890.7805922, 42273503733.564804
 10560.652605846146, -44367386092.90568, 14040640524.818558, 2010093897.0478883, 46579448392.38746
 10584.013131089734, -45333201846.63837, 5590020283.563812, 3093456072.9116645, 45781185949.183815
 10607.373656333322, -41703715730.3824, 1769428197.239212, 3842068990.9649153, 41917684525.71139
 10630.73418157691, -37376445104.183044, 5505193023.340256, 4175359250.890618, 38009728014.34181
 10654.094706820499, -38707482113.11398, 15241857168.645042, 4128292864.52384, 41804619164.174835
 10677.455232064087, -48995094414.8631, 27523327384.428707, 3755396988.528964, 56321894797.4342
 10700.815757307675, -69555076964.38043, 35524380868.90922, 3020013485.941044, 78160161521.68234
 10724.176282551267, -98215353699.20436, 34467475603.81831, 2094437069.4774597, 104108833647.28291
 10747.536807794859, -129705558022.8929, 19142594785.861816, 880707160.7899789, 131113486576.5868
 10770.897333038447, -158157735014.86835, -11455850625.953583, -381262068.20776, 158572541820.33575
 10794.257858282035, -175553782476.182, -56720771767.23367, -1783215440.0202937, 184498120177.06512
 10817.618383525623, -176483582930.49622, -112230897165.63042, -3089857514.375311, 209169253338.16818
 10840.978908769212, -155148042376.99353, -171276691409.87897, -4347637388.00251, 231139615870.11832
 10864.339434012803, -110758322748.83957, -225421422444.65848, -5369307077.390337, 251219133852.50058
 10887.699959256395, -43869153984.029465, -264809448646.9962, -6156876825.442981, 268489206293.74335
 10911.060484499983, 39055593740.4104, -281410749860.417, -6591120633.378666, 284184433793.6579
 10934.421009743572, 129867894161.40088, -268039993135.1618, -6655254379.368083, 297918445660.3325