[ 1.00000000e+04  9.34421010e+02  4.52554534e+02 -5.75476578e-01
  8.02082889e-01 -1.59655218e-01 -4.50046958e-01 -8.92768368e-01
 -2.08677252e-02 -8.38728119e-01  5.31996273e-01 -1.16254753e-01
 -9.75868935e-01  2.05530814e-01 -7.37372739e-02 -8.06569565e-01
  5.30017914e-01  2.61775943e-01 -6.91770390e-01  6.21086257e-01
  3.68389877e-01 -7.34432138e-01  5.04856688e-01  4.53574371e-01
  3.18985538e-02  9.96508015e-01 -7.72235606e-02  6.76876388e-01
  6.83476055e-01 -2.73312840e-01  7.62605008e-01  5.14524661e-01
 -3.92043992e-01  7.77457659e-01  6.11045205e-01 -1.48941280e-01
  4.24684579e-01  9.05257462e-01 -1.23272413e-02 -2.20403224e-01
  9.73565531e-01  5.99381391e-02 -8.13889828e-01  5.74296655e-01
  8.81289293e-02 -9.95417912e-01 -6.67892244e-02  6.84279917e-02
 -7.57239986e-01 -6.53134113e-01  1.86218816e-03 -1.50571015e-01
 -9.83571229e-01 -9.95791686e-02  5.35219412e-01 -8.29711699e-01
 -1.58488810e-01  9.12633184e-01 -3.80899698e-01 -1.48378310e-01
  9.91501845e-01  7.90344875e-02 -1.03332752e-01  8.76846800e-01
  4.77550046e-01 -5.55486527e-02  6.20826089e-01  7.83792074e-01
 -1.56511026e-02]