[ 9.64266275e+03  5.81553704e+02  3.84532474e+02  9.53582969e-01
 -2.99297047e-01 -4.12415323e-02 -5.57729794e-01 -8.29157766e-01
  3.89569916e-02  9.98226509e-01 -3.33225150e-02 -4.93308520e-02
  9.00067988e-01  4.34233477e-01 -3.63168127e-02  6.29171211e-01
  7.77011342e-01 -1.99240561e-02  2.62533745e-01  9.64916556e-01
 -3.47815392e-03 -1.28008550e-01  9.91695269e-01  1.24306697e-02
 -4.78328539e-01  8.77784882e-01  2.63824740e-02 -7.44387802e-01
  6.66612158e-01  3.89280579e-02 -9.10731418e-01  4.10017385e-01
  4.95385721e-02 -9.86429443e-01  1.54244809e-01  5.62634634e-02
 -9.96026187e-01 -6.81805180e-02  5.72998652e-02 -9.69362798e-01
 -2.41435258e-01  4.52211887e-02 -9.30909755e-01 -3.65235099e-01
  3.57364830e-03 -8.76524660e-01 -4.65294608e-01 -1.23330904e-01
 -3.97264623e-01 -5.49296304e-01 -6.62372484e-01  8.40420759e-01
  1.00549676e-01 -5.32525396e-01  9.09590230e-01  2.91021886e-01
 -2.96571370e-01  8.94009233e-01  4.02892763e-01 -1.96023273e-01
  8.43304919e-01  5.20428136e-01 -1.34131937e-01  7.57648732e-01
  6.46539075e-01 -8.91956929e-02  6.33817172e-01  7.71627750e-01
 -5.35399856e-02]