[ 1.02805341e+04  8.33768860e+02  6.90590988e+02 -4.81330150e-01
 -8.77305697e-01 -2.99211359e-02  5.95359473e-01 -7.10855826e-01
 -3.74566530e-01 -3.08035573e-01 -9.47058934e-01 -9.05221786e-02
  5.50522625e-02 -9.83474493e-01 -1.72476279e-01  3.83887183e-01
 -8.95747590e-01 -2.24203005e-01  6.43870419e-01 -7.25651408e-01
 -2.42613171e-01  8.27155295e-01 -5.08896290e-01 -2.38411503e-01
  9.37947208e-01 -2.70864816e-01 -2.16536255e-01  9.82418125e-01
 -2.47414977e-02 -1.85050768e-01  9.65791314e-01  2.13810000e-01
 -1.46739555e-01  8.94579234e-01  4.34446111e-01 -1.04808667e-01
  7.76167233e-01  6.27582810e-01 -6.08647760e-02  6.20437941e-01
  7.84089726e-01 -1.61294712e-02  4.37465687e-01  8.98821436e-01
  2.72799729e-02  2.37322997e-01  9.68902534e-01  7.00410552e-02
  3.22373335e-02  9.93315613e-01  1.10837379e-01 -1.69729276e-01
  9.74097046e-01  1.49423594e-01 -3.59524548e-01  9.14703648e-01
  1.84552291e-01 -5.29944921e-01  8.19993584e-01  2.16261280e-01
 -6.77163283e-01  6.95024342e-01  2.41643088e-01 -7.97568114e-01
  5.43800401e-01  2.61087007e-01 -8.88506641e-01  3.70602993e-01
  2.70572315e-01 -9.48219626e-01  1.74739615e-01  2.65233221e-01
 -9.69519869e-01 -4.35124541e-02  2.41120815e-01 -9.39444393e-01
 -2.87976215e-01  1.85794090e-01 -8.28957214e-01 -5.51589174e-01
  9.26281971e-02 -6.07939609e-01 -7.92872668e-01 -4.19821503e-02
 -2.91854121e-01 -9.38042588e-01 -1.86813928e-01  4.43736626e-02
 -9.53861185e-01 -2.96950928e-01  3.30667859e-01 -8.73201488e-01
 -3.58019563e-01  5.46667388e-01 -7.46057412e-01 -3.80201668e-01
  7.06907795e-01 -5.99564692e-01 -3.75238374e-01  8.23031590e-01
 -4.43425974e-01 -3.54954279e-01  9.02577624e-01 -2.82764813e-01
 -3.24650483e-01  9.50116777e-01 -1.18784956e-01 -2.88389514e-01
  9.67360339e-01  4.54269229e-02 -2.49300168e-01  9.56150257e-01
  2.06178098e-01 -2.08007969e-01  9.18169625e-01  3.60059684e-01
 -1.65293190e-01  8.55216201e-01  5.03499406e-01 -1.22856604e-01
  7.70640420e-01  6.32135746e-01 -8.07327528e-02  6.67595877e-01
  7.43494537e-01 -3.91363464e-02  5.51061641e-01  8.34460116e-01
  2.72457064e-03  4.23914922e-01  9.04692843e-01  4.27439691e-02
  2.91309558e-01  9.53062456e-01  8.25271488e-02  1.57486813e-01
  9.80078497e-01  1.21012784e-01  2.58695852e-02  9.86964146e-01
  1.58847781e-01 -9.94078885e-02  9.75516469e-01  1.96178230e-01
 -2.16019959e-01  9.48369149e-01  2.32231286e-01 -3.21985501e-01
  9.08037135e-01  2.67943975e-01 -4.14571481e-01  8.58495390e-01
  3.01854541e-01 -4.94763835e-01  8.01471981e-01  3.35933757e-01
 -5.59754340e-01  7.42546968e-01  3.67830252e-01]