[ 9.56073299e+03  7.37866189e+02  5.25930782e+02 -3.93526930e-01
 -9.19251319e-01 -1.06763258e-02 -1.46148945e-01 -9.82926354e-01
 -1.11868395e-01 -1.00534940e-01 -9.94185831e-01 -3.85662491e-02
  6.22967443e-01 -7.78828865e-01 -7.30559796e-02  9.84780647e-01
 -1.59584022e-01 -6.88479123e-02  8.95214202e-01  4.43918570e-01
 -3.90876026e-02  5.45439583e-01  8.38121251e-01 -6.95961120e-03
  9.54217050e-02  9.95232099e-01  2.01937795e-02 -3.42048044e-01
  9.38821108e-01  4.02251737e-02 -6.90390467e-01  7.21391330e-01
  5.43651887e-02 -9.09340945e-01  4.11621745e-01  6.05524163e-02
 -9.95204903e-01  8.01805445e-02  5.60203738e-02 -9.76484257e-01
 -2.13007179e-01  3.32633987e-02 -8.99439857e-01 -4.35665039e-01
 -3.47017180e-02 -7.83584466e-01 -5.80174110e-01 -2.22246389e-01
 -3.05885722e-01 -5.38243959e-01 -7.85320110e-01  7.26687888e-01
  1.96641592e-01 -6.58222873e-01  8.23465327e-01  4.70590368e-01
 -3.16937832e-01  7.52528937e-01  6.39348801e-01 -1.57902873e-01
  6.05650877e-01  7.92946490e-01 -6.65048520e-02  3.97844898e-01
  9.17433046e-01 -6.00403056e-03  1.48838979e-01  9.88129143e-01
  3.80495236e-02]