[ 9.89773737e+03  1.35257528e+03  1.36533657e+03  7.18625428e-01
  6.94537227e-01 -3.79090009e-02 -9.85522035e-01  1.68764534e-01
 -1.65296277e-02  2.06927149e-01  9.72559450e-01 -1.06348357e-01
 -9.23434115e-01 -2.27562291e-02 -3.83093303e-01  9.56478098e-01
 -2.91797367e-01  2.12149092e-03  5.94775698e-01  7.96416893e-01
  1.09375121e-01 -6.33329026e-01  7.63810926e-01  1.24476095e-01
 -8.69300184e-02 -9.92686102e-01 -8.37754246e-02  9.50024693e-01
 -2.73964200e-01 -1.49656638e-01  8.65517340e-01  4.93455167e-01
 -8.59182840e-02  3.28781436e-01  9.42646399e-01  5.76257109e-02
 -3.57765155e-01  9.11881249e-01  2.01192005e-01 -9.21383696e-01
  2.90304017e-01  2.58410548e-01 -1.72918163e-01 -9.76861304e-01
 -1.25870182e-01  6.53470437e-01 -7.33237605e-01 -1.87990528e-01
  9.72386612e-01 -1.88791614e-01 -1.37194792e-01  8.83924349e-01
  4.63095065e-01 -6.49670418e-02  3.34436244e-01  9.42413697e-01
  2.97237696e-03 -4.89900550e-01  8.66263678e-01  9.79020761e-02
 -9.82734104e-01  5.30257957e-02  1.77263880e-01 -2.88056093e-01
 -9.41737942e-01  1.73647490e-01  8.01990822e-01 -5.97138837e-01
  1.53884232e-02]