[ 9.56071228e+03  7.37869925e+02  5.25929390e+02 -3.99011109e-01
 -9.14749542e-01 -6.37365607e-02 -2.05218613e-02 -9.98228779e-01
 -5.63863741e-02 -9.27138419e-02 -9.94943021e-01 -3.86338005e-02
  6.27933249e-01 -7.75006798e-01 -7.11641194e-02  9.85654045e-01
 -1.54681793e-01 -6.75252252e-02  8.93134301e-01  4.48097764e-01
 -3.89809439e-02  5.41901596e-01  8.40421788e-01 -5.82147576e-03
  9.25998671e-02  9.95517546e-01  1.92375435e-02 -3.43688526e-01
  9.38168931e-01  4.14398627e-02 -6.91452310e-01  7.20483396e-01
  5.28903599e-02 -9.10345125e-01  4.09657075e-01  5.87608422e-02
 -9.95246833e-01  7.88901784e-02  5.70972031e-02 -9.75955097e-01
 -2.15845948e-01  3.03678000e-02 -8.98651470e-01 -4.37160684e-01
 -3.62781071e-02 -7.88141437e-01 -5.73860378e-01 -2.22525922e-01
 -3.12421543e-01 -5.43446832e-01 -7.79139696e-01  7.26192037e-01
  1.96306871e-01 -6.58869777e-01  8.21428981e-01  4.69374598e-01
 -3.23947539e-01  7.53331550e-01  6.37590479e-01 -1.61152040e-01
  6.08160381e-01  7.91334509e-01 -6.26954454e-02  4.01823709e-01
  9.15693236e-01 -6.60430138e-03  1.53522309e-01  9.87421138e-01
  3.78207794e-02]