[ 1.00000000e+04  9.34326369e+02  4.52589944e+02 -6.41773137e-01
  1.44987647e-01 -7.53069972e-01 -3.83554787e-01 -8.81959930e-01
 -2.73940644e-01 -8.38367648e-01  5.33906638e-01 -1.09925328e-01
 -9.75145283e-01  2.05998967e-01 -8.15868135e-02 -8.25235163e-01
  5.32074879e-01  1.89441997e-01 -6.91737656e-01  6.27332690e-01
  3.57708573e-01 -7.41276682e-01  4.98032541e-01  4.49977049e-01
  6.06860723e-02  9.97898023e-01 -2.28575940e-02  4.64427667e-01
  7.56626516e-01 -4.60243624e-01  8.10788262e-01  4.57199177e-01
 -3.65502462e-01  7.95279327e-01  5.89460738e-01 -1.41657479e-01
  4.36988807e-01  8.99362769e-01 -1.36943041e-02 -2.15290403e-01
  9.74861787e-01  5.73983356e-02 -8.12891288e-01  5.76176417e-01
  8.50209005e-02 -9.95162169e-01 -7.01955594e-02  6.87383450e-02
 -7.49641461e-01 -6.61820142e-01  5.64590431e-03 -1.40073494e-01
 -9.86214512e-01 -8.80973828e-02  5.39946014e-01 -8.28909521e-01
 -1.46176368e-01  9.11898145e-01 -3.86700560e-01 -1.37494305e-01
  9.92610118e-01  7.06248341e-02 -9.86778882e-02  8.80545732e-01
  4.70861610e-01 -5.41162710e-02  6.20979230e-01  7.83716539e-01
 -1.31600030e-02]