[ 9.64264911e+03  5.81589071e+02  3.84621882e+02  9.41554514e-01
 -3.29427316e-01 -7.03900630e-02 -4.97419190e-01 -8.66223121e-01
  4.74652200e-02  9.98217110e-01 -3.34974523e-02 -4.94025739e-02
  8.99921353e-01  4.34544197e-01 -3.62355243e-02  6.29453271e-01
  7.76799985e-01 -1.92539526e-02  2.62850134e-01  9.64832480e-01
 -2.88111732e-03 -1.28243762e-01  9.91665463e-01  1.23765785e-02
 -4.78639918e-01  8.77610753e-01  2.65201925e-02 -7.44591758e-01
  6.66361159e-01  3.93191853e-02 -9.10700441e-01  4.10114939e-01
  4.92998111e-02 -9.86285971e-01  1.55048704e-01  5.65730683e-02
 -9.95954024e-01 -6.91444352e-02  5.74125295e-02 -9.69341378e-01
 -2.41526280e-01  4.52048855e-02 -9.30968323e-01 -3.65098298e-01
  1.48879428e-03 -8.76741363e-01 -4.63197693e-01 -1.29521234e-01
 -3.89498386e-01 -5.53860418e-01 -6.49860073e-01  8.37326519e-01
  1.02744623e-01 -5.36963162e-01  9.09355892e-01  2.91779966e-01
 -2.96542398e-01  8.93621023e-01  4.03478431e-01 -1.96588223e-01
  8.43464904e-01  5.20094915e-01 -1.34419021e-01  7.57271317e-01
  6.46948732e-01 -8.94296979e-02  6.33506961e-01  7.71843931e-01
 -5.40922101e-02]