[ 1.00000000e+04  9.34312197e+02  4.52595246e+02 -6.38559431e-01
  7.66192168e-01 -8.26028633e-02 -4.51163420e-01 -8.92478160e-01
  1.82677419e-03 -8.38508152e-01  5.33626475e-01 -1.10217574e-01
 -9.75113056e-01  2.05836659e-01 -8.23808495e-02 -8.25543349e-01
  5.32855190e-01  1.85868865e-01 -6.92847654e-01  6.26444498e-01
  3.57112698e-01 -7.38847334e-01  4.99891162e-01  4.51900494e-01
  5.73821698e-02  9.98064213e-01 -2.39928002e-02  4.65074426e-01
  7.56166155e-01 -4.60346726e-01  8.10658911e-01  4.56635055e-01
 -3.66492324e-01  7.95489754e-01  5.89256144e-01 -1.41327140e-01
  4.37232725e-01  8.99247311e-01 -1.34872511e-02 -2.15130966e-01
  9.74900348e-01  5.73409093e-02 -8.12956662e-01  5.76151475e-01
  8.45634336e-02 -9.95202237e-01 -6.97464202e-02  6.86151255e-02
 -7.49424788e-01 -6.62067782e-01  5.40109995e-03 -1.40606358e-01
 -9.86051202e-01 -8.90681649e-02  5.40071221e-01 -8.28646646e-01
 -1.47201102e-01  9.11576416e-01 -3.87254603e-01 -1.38067065e-01
  9.92704317e-01  7.05498100e-02 -9.77826783e-02  8.80615885e-01
  4.70723576e-01 -5.41755925e-02  6.21125502e-01  7.83606531e-01
 -1.28070996e-02]