[ 9.56073575e+03  7.37864988e+02  5.25931230e+02 -4.59499920e-01
 -8.87817763e-01 -2.68167267e-02 -1.01937126e-02 -9.98522636e-01
 -5.42367259e-02 -1.00023640e-01 -9.94255906e-01 -3.80928408e-02
  6.22966594e-01 -7.78884161e-01 -7.24720973e-02  9.84829736e-01
 -1.59476882e-01 -6.83928189e-02  8.95191328e-01  4.43949576e-01
 -3.92636830e-02  5.45485009e-01  8.38090511e-01 -7.10889576e-03
  9.56659261e-02  9.95216735e-01  1.97930524e-02 -3.41728670e-01
  9.38938874e-01  4.01919364e-02 -6.90335339e-01  7.21460539e-01
  5.41467933e-02 -9.09312915e-01  4.11677104e-01  6.05983010e-02
 -9.95170449e-01  8.03232027e-02  5.64267422e-02 -9.76301866e-01
 -2.13949631e-01  3.25648550e-02 -8.99327793e-01 -4.35880083e-01
 -3.49045521e-02 -7.84763978e-01 -5.78402545e-01 -2.22704360e-01
 -3.05424288e-01 -5.37857781e-01 -7.85769506e-01  7.26337770e-01
  1.95176937e-01 -6.59049202e-01  8.24219756e-01  4.69568249e-01
 -3.16500455e-01  7.52312178e-01  6.39598954e-01 -1.57924314e-01
  6.05463825e-01  7.93094213e-01 -6.64477197e-02  3.97667138e-01
  9.17509775e-01 -6.05806528e-03  1.48494184e-01  9.88194114e-01
  3.77086168e-02]