[ 1.00000000e+04  9.34312170e+02  4.52595256e+02 -6.71269972e-01
  7.36367471e-01 -8.55244912e-02 -4.46804673e-01 -8.94627385e-01
 -4.72436563e-03 -8.38315399e-01  5.34042706e-01 -1.09664218e-01
 -9.75025708e-01  2.06479774e-01 -8.17990011e-02 -8.25600088e-01
  5.32264024e-01  1.87297228e-01 -6.92829926e-01  6.26448043e-01
  3.57142727e-01 -7.38570976e-01  5.00353183e-01  4.51851242e-01
  5.66361935e-02  9.98121353e-01 -2.34744678e-02  4.64848908e-01
  7.56307004e-01 -4.60351269e-01  8.10758957e-01  4.56498430e-01
 -3.66442154e-01  7.95435276e-01  5.89262417e-01 -1.41607566e-01
  4.37098786e-01  8.99316433e-01 -1.32162305e-02 -2.15129163e-01
  9.74901692e-01  5.73255571e-02 -8.12920316e-01  5.76180230e-01
  8.47168300e-02 -9.95203977e-01 -6.99282853e-02  6.84038905e-02
 -7.49878247e-01 -6.61553917e-01  5.38965513e-03 -1.40013528e-01
 -9.86143112e-01 -8.89849654e-02  5.39864900e-01 -8.28865620e-01
 -1.46724223e-01  9.11639274e-01 -3.87277742e-01 -1.37585633e-01
  9.92632456e-01  7.05135500e-02 -9.85324642e-02  8.80658644e-01
  4.70640564e-01 -5.42020384e-02  6.21129925e-01  7.83597598e-01
 -1.31309844e-02]