[ 1.02805421e+04  8.33769011e+02  6.90590931e+02 -4.82337720e-01
 -8.74883687e-01 -4.40279329e-02  5.96218601e-01 -7.09166888e-01
 -3.76625868e-01 -3.07449112e-01 -9.47218714e-01 -9.08413764e-02
  5.51174832e-02 -9.83514349e-01 -1.72225785e-01  3.84603203e-01
 -8.95685286e-01 -2.23222820e-01  6.43525629e-01 -7.25979010e-01
 -2.42547797e-01  8.26666184e-01 -5.09250070e-01 -2.39350860e-01
  9.38215873e-01 -2.70132935e-01 -2.16286184e-01  9.82434058e-01
 -2.47528879e-02 -1.84961270e-01  9.65787884e-01  2.13969153e-01
 -1.46529876e-01  8.94265405e-01  4.35210357e-01 -1.04314205e-01
  7.75952123e-01  6.27845754e-01 -6.08946774e-02  6.20000127e-01
  7.84431513e-01 -1.63475105e-02  4.37540379e-01  8.98764545e-01
  2.79459808e-02  2.37759126e-01  9.68800096e-01  6.99792169e-02
  3.21005372e-02  9.93324972e-01  1.10793437e-01 -1.70288545e-01
  9.73956566e-01  1.49702093e-01 -3.59142712e-01  9.14702071e-01
  1.85302460e-01 -5.30226457e-01  8.19940904e-01  2.15770770e-01
 -6.77561870e-01  6.94518183e-01  2.41980314e-01 -7.97465422e-01
  5.43642057e-01  2.61729899e-01 -8.88770447e-01  3.70282198e-01
  2.70144863e-01 -9.47963287e-01  1.75656204e-01  2.65538830e-01
 -9.69670757e-01 -4.36838383e-02  2.40479626e-01 -9.39195444e-01
 -2.88620222e-01  1.86038453e-01 -8.28923977e-01 -5.51831070e-01
  9.14755403e-02 -6.09343990e-01 -7.91791820e-01 -4.20351823e-02
 -2.90340959e-01 -9.39173531e-01 -1.83464993e-01  4.52973538e-02
 -9.53819263e-01 -2.96946775e-01  3.29463048e-01 -8.73465752e-01
 -3.58485587e-01  5.46221234e-01 -7.46541512e-01 -3.79893145e-01
  7.06959785e-01 -5.99402460e-01 -3.75399251e-01  8.22420590e-01
 -4.44000462e-01 -3.55652846e-01  9.02537815e-01 -2.82582306e-01
 -3.24919614e-01  9.50174428e-01 -1.18193117e-01 -2.88442779e-01
  9.67382270e-01  4.57407097e-02 -2.49157329e-01  9.56135501e-01
  2.06581071e-01 -2.07675681e-01  9.18026169e-01  3.60359065e-01
 -1.65436698e-01  8.55163427e-01  5.03640534e-01 -1.22645091e-01
  7.70731859e-01  6.32085506e-01 -8.02521068e-02  6.67967782e-01
  7.43184504e-01 -3.86789817e-02  5.50772882e-01  8.34650423e-01
  2.82123706e-03  4.23821672e-01  9.04736351e-01  4.27484364e-02
  2.92055906e-01  9.52835461e-01  8.25120345e-02  1.57439539e-01
  9.80081073e-01  1.21053360e-01  2.60130866e-02  9.86947200e-01
  1.58929586e-01 -9.97135936e-02  9.75515216e-01  1.96028881e-01
 -2.15566872e-01  9.48449542e-01  2.32324657e-01 -3.21722234e-01
  9.08050939e-01  2.68213901e-01 -4.14774633e-01  8.58375395e-01
  3.01916756e-01 -4.94466145e-01  8.01962106e-01  3.35201560e-01
 -5.59638807e-01  7.42425591e-01  3.68251258e-01]