[ 9.64264984e+03  5.81562953e+02  3.84554228e+02  9.58085653e-01
 -2.75597831e-01  7.82407819e-02 -5.67878986e-01 -8.22511681e-01
  3.14323929e-02  9.98164534e-01 -3.41015183e-02 -5.00569039e-02
  8.99759835e-01  4.34911132e-01 -3.58543610e-02  6.28712595e-01
  7.77394802e-01 -1.94593889e-02  2.62258481e-01  9.64994976e-01
 -2.48857968e-03 -1.28115146e-01  9.91684174e-01  1.22075593e-02
 -4.78216854e-01  8.77837862e-01  2.66347337e-02 -7.44694047e-01
  6.66284052e-01  3.86842709e-02 -9.10850001e-01  4.09786993e-01
  4.92639715e-02 -9.86335654e-01  1.54540138e-01  5.70932659e-02
 -9.96052591e-01 -6.81681501e-02  5.68548355e-02 -9.69420985e-01
 -2.41255295e-01  4.49382871e-02 -9.31351574e-01 -3.64094304e-01
  4.51940990e-03 -8.76492789e-01 -4.64573363e-01 -1.26259080e-01
 -3.96664270e-01 -5.49277322e-01 -6.59485244e-01  8.40436353e-01
  1.01129185e-01 -5.32399506e-01  9.10889980e-01  2.87732311e-01
 -2.95792382e-01  8.93796522e-01  4.02645049e-01 -1.97501931e-01
  8.43105856e-01  5.20829964e-01 -1.33826487e-01  7.56840477e-01
  6.47402717e-01 -8.97953854e-02  6.33737162e-01  7.71679124e-01
 -5.37470649e-02]