With respect to sun
t, X, Y, Z, R
 10000.0, -81436915260.56427, -127543644341.09442, 7924183.770011434, 151325319896.4291
 10023.357834021263, -26777614289.32312, -149508249720.88812, 8566663.787860613, 151887318216.56122
 10046.715668042525, 31406817618.33722, -148304508378.6396, -66094127.15220005, 151593600678.8384
 10070.073502063788, 84754221334.26581, -124361194293.61243, -130593134.79280272, 150495852881.99203
 10093.43133608505, 124081301529.0266, -80784387807.88855, -231574698.87459826, 148061947607.99857
 10116.789170106313, 142954135184.90204, -24001699836.23169, -294337926.9913498, 144955348284.591
 10140.147004127575, 136166660214.0277, 37233852690.74585, -173150136.53984565, 141165679685.28476
 10163.504838148838, 103698547378.52681, 91297037200.41153, -19574640.66137132, 138161275736.56973
 10186.8626721701, 49968943782.004845, 127383951975.74365, 393117125.8976776, 136834648772.60583
 10210.220506191363, -14068259115.176094, 137176019488.37505, 724629412.3533733, 137897430451.01324
 10233.578340212625, -75927098334.2937, 119681656905.391, 1241812811.3398435, 141739780443.40143
 10256.936174233892, -123803028778.72504, 79774311933.81937, 1528700821.518462, 147287024905.46085
 10280.294008255158, -151120663486.69525, 27152287125.959435, 1544193271.8527527, 153548318654.71652
 10303.65184227642, -156137104392.1153, -29644732612.518475, 1331035631.7679627, 158931989213.86172
 10327.009676297683, -139894145738.3735, -81990322756.43793, 582584004.417287, 162151547762.25958
 10350.367510318945, -106019257255.83209, -124054997227.6959, -239877865.19982815, 163186343753.48987
 10373.725344340208, -58382677003.88706, -150395072330.25366, -1324960454.674091, 161334962967.01743
 10397.08317836147, -3346763093.499588, -157502159910.9579, -2239617843.154257, 157553632417.3592
 10420.441012382733, 52678990191.704704, -142521108373.68597, -2961265815.2519903, 151974048557.34497
 10443.798846403995, 100524034778.80841, -105906230062.59581, -3230318593.075969, 146053572679.66888
 10467.156680425258, 131392592092.06606, -50575149154.32596, -2957690704.3610535, 140821187691.899
 10490.51451444652, 137269119467.06299, 14185746298.454346, -2125220614.497467, 138016532053.11023
 10513.872348467783, 115384423476.06348, 76893709264.37451, -816103271.2430857, 138661002916.77917
 10537.230182489046, 70580765998.04276, 124474750782.2189, 657306839.3733604, 143094514791.61267
 10560.588016510308, 12066416697.71379, 150193801515.21155, 2093940807.3602033, 150692272574.33725
 10583.94585053157, -48602451356.35565, 152556412385.16205, 3209897521.5638595, 160143562717.26157
 10607.303684552833, -104106802239.69867, 134919301883.4192, 3974688603.669075, 170461850402.90118
 10630.661518574096, -148473981176.07248, 102549345621.68893, 4309747069.564282, 180497826284.73108
 10654.019352595358, -180078603221.22842, 60052825248.0813, 4255169222.983465, 189875621456.52463
 10677.377186616624, -197549413776.98483, 12744463196.594711, 3865128266.6565914, 197997806660.37042
 10700.73502063789, -201457670621.62253, -36511081600.225266, 3116211247.3615546, 204763187376.16547
 10724.092854659153, -192712846223.33466, -83519121666.82422, 2170810941.8991218, 210043798298.45462
 10747.450688680416, -172178154807.89056, -126563871825.67476, 944419529.0412626, 213692822932.3638
 10770.808522701678, -142123637016.4683, -162633504269.54227, -334623639.08427024, 215983556973.1175
 10794.16635672294, -103465777398.55193, -190425042665.9095, -1745053582.4091346, 216725423471.74136
 10817.524190744203, -59330814539.785675, -208139039313.11432, -3063166536.1168604, 216451815029.04654
 10840.882024765466, -10930231450.238304, -214708611479.87814, -4328973613.728701, 215030225353.8358
 10864.239858786728, 38051937256.09104, -209651599854.93677, -5360125154.784267, 213144256766.0479
 10887.59769280799, 85931650423.69595, -192388356350.6046, -6155850151.171354, 210797112634.1895
 10910.955526829253, 128863871223.60916, -164086226174.1447, -6597954212.017115, 208743191329.90033
 10934.313360850516, 164919058501.33423, -125142223270.61295, -6665594392.516669, 207131122844.1636
With respect to Earth
 10000.0, 0.0, 0.0, 0.0, 0.0
 10023.357834021263, -1722895.986820221, 1438130.5078735352, -743857.2129883058, 2364299.7890268792
 10046.715668042525, -569575094.384201, 392530439.09121704, -75375528.72404289, 695828573.7783008
 10070.073502063788, -1122150798.4141235, 956763769.2568665, -138433365.08984545, 1481142505.3363905
 10093.43133608505, -2608909163.799179, 2077105605.3760834, -236770711.7165672, 3343177394.4508014
 10116.789170106313, -5045078873.987152, 3670996497.703903, -296077203.29528326, 6246334752.574261
 10140.147004127575, -10000486516.116257, 5419520765.250553, -171145954.0741606, 11375861585.902008
 10163.504838148838, -17355996012.554153, 5095303087.219437, -14131801.317274705, 18088474530.657143
 10186.8626721701, -26330874618.414238, 818901738.9298096, 401126823.06628865, 26346659388.940693
 10210.220506191363, -33039249547.693134, -8849312261.849167, 733891758.8971659, 34211707576.4457
 10233.578340212625, -34416627727.07159, -21444602353.788315, 1250784804.293018, 40570182361.465744
 10256.936174233892, -28753636970.156036, -32842674849.78804, 1535876633.0289419, 43678047659.34837
 10280.294008255158, -18339453105.470245, -38202689588.76637, 1548367052.0649035, 42404934530.68052
 10303.65184227642, -7439689397.030914, -36971238816.859314, 1331504584.8579116, 37735850095.592606
 10327.009676297683, 698548954.754242, -30073575983.954445, 579253428.7419893, 30087264376.137276
 10350.367510318945, 4181963269.454315, -21091605910.768753, -246498076.10439548, 21503614067.959915
 10373.725344340208, 4266241119.008461, -12382630673.992554, -1333854148.6968422, 13164707462.91066
 10397.08317836147, 2128034525.6538239, -5593235801.338837, -2249428995.212537, 6393179840.75656
 10420.441012382733, 139739856.05651093, 191334186.6699829, -2970503628.0721974, 2979937550.142527
 10443.798846403995, -2049372324.3397217, 5944536323.292389, -3237574884.541309, 7072434528.2034855
 10467.156680425258, -5537193986.521576, 13339726758.990929, -2961846402.4232445, 14743858428.527346
 10490.51451444652, -12827767352.142761, 20300442015.133926, -2125619071.094716, 24107629864.54529
 10513.872348467783, -24257710776.68564, 24275902354.94513, -812666893.3640658, 34328070070.304436
 10537.230182489046, -36211785226.84683, 21596895303.045258, 664040480.2178998, 42168237167.39116
 10560.588016510308, -44441731955.97588, 13890996551.658875, 2102881900.0324206, 46609542335.5614
 10583.94585053157, -45474143840.05888, 5438046950.975922, 3219569344.6448236, 45911172272.03375
 10607.303684552833, -41871918501.919815, 1574381673.666977, 3983474204.7537894, 42090430069.38433
 10630.661518574096, -37527607646.97894, 5267288410.032242, 4316170680.259252, 38140463975.169235
 10654.019352595358, -38803376394.701904, 14978508756.143227, 4258152028.9197702, 41811357343.28846
 10677.377186616624, -49024267836.41528, 27271115672.36714, 3864164862.074688, 56231880254.82967
 10700.73502063789, -69513636948.45412, 35317673291.93385, 3111437199.7210827, 78033100732.99068
 10724.092854659153, -98125300948.80952, 34335956334.444427, 2162960756.6248846, 103981781976.12317
 10747.450688680416, -129594025445.4186, 19105534986.66896, 934695614.9852922, 130998116605.42035
 10770.808522701678, -158060682461.6825, -11393677454.084625, -344741251.74700904, 158471177419.46387
 10794.16635672294, -175508055433.21594, -56575873630.28874, -1754027139.8763094, 184409825145.48032
 10817.524190744203, -176519210497.4641, -112025441147.67351, -3069624102.492072, 209088865631.60056
 10840.882024765466, -155284322463.06833, -171053956169.65747, -4331912939.151565, 231065882799.29532
 10864.239858786728, -111001797174.14825, -225222293979.27966, -5359074509.42812, 251147765988.0283
 10887.59769280799, -44205041381.07277, -264685952816.41705, -6150961364.305894, 268422379148.12933
 10910.955526829253, 38655918545.61427, -281401978502.8976, -6590004330.358761, 284121068738.3541
 10934.313360850516, 129449740189.5066, -268173508494.01926, -6655881233.71113, 297856620957.33215