[ 1.00000000e+04  9.34313361e+02  4.52594811e+02 -6.52228425e-01
  6.63093308e-01 -3.67296439e-01 -4.73983267e-01 -8.80428176e-01
  1.36833851e-02 -8.38150527e-01  5.34298822e-01 -1.09674575e-01
 -9.74870170e-01  2.06804995e-01 -8.28314803e-02 -8.24941673e-01
  5.32831718e-01  1.88587082e-01 -6.93196521e-01  6.25806266e-01
  3.57555543e-01 -7.39435201e-01  4.98729246e-01  4.52231349e-01
  5.72147949e-02  9.98108873e-01 -2.25240486e-02  4.62985838e-01
  7.58387455e-01 -4.58800573e-01  8.10433261e-01  4.56849054e-01
 -3.66726309e-01  7.95741050e-01  5.88692310e-01 -1.42261245e-01
  4.37606132e-01  8.99066513e-01 -1.34373520e-02 -2.14933188e-01
  9.74918665e-01  5.77718302e-02 -8.13139290e-01  5.75898176e-01
  8.45336654e-02 -9.95206962e-01 -7.05499390e-02  6.77250514e-02
 -7.49965294e-01 -6.61461651e-01  4.60394777e-03 -1.39588696e-01
 -9.86234884e-01 -8.86350853e-02  5.39659601e-01 -8.28972364e-01
 -1.46875480e-01  9.11457826e-01 -3.87817756e-01 -1.37268206e-01
  9.92675131e-01  7.01563934e-02 -9.83583313e-02  8.80853988e-01
  4.70303485e-01 -5.39555585e-02  6.21239795e-01  7.83513305e-01
 -1.29642781e-02]