With respect to sun
t, X, Y, Z, R
 9642.60461015674, -64045417249.13699, -137352600027.20691, 8229915.648933709, 151550494135.06195
 9657.14636534908, -29151375521.138832, -149048217676.3143, 8871051.079294402, 151872229080.75055
 9671.688120541417, 7833263569.711262, -151884804476.8516, -8301839.355501806, 152086665812.76788
 9686.229875733756, 44355374025.05087, -145721302257.63766, -24983553.16266605, 152322348198.62082
 9700.771630926094, 78587509884.1746, -130805291822.08443, -53492337.99200298, 152597588250.5557
 9715.313386118432, 108212583624.67537, -108216021292.16592, -78865586.88505465, 153038154519.76236
 9729.85514131077, 131778917340.99133, -79045888300.74097, -106829949.04864152, 153668301628.7193
 9744.396896503109, 147779958266.7999, -45331499196.655075, -128662604.60477376, 154576445291.05746
 9758.938651695447, 155542599315.1143, -8691030910.482315, -144479266.81568646, 155785285230.17728
 9773.480406887782, 154730916491.89233, 28437662238.085297, -152333593.36460146, 157322536076.40594
 9788.022162080117, 145584852703.60965, 64433175552.76791, -147248316.13820565, 159206171772.99417
 9802.563917272455, 128911415778.73654, 97110617394.3557, -134551051.8568317, 161395920743.9171
 9817.105672464793, 105649451661.74025, 125323724953.22598, -104859537.75505973, 163914165550.4517
 9831.647427657132, 77372241535.16129, 147609109051.4519, -70187734.5538748, 166658086396.84076
 9846.18918284947, 45299576885.29034, 163513350552.18774, -16971081.32955309, 169672236275.7283
 9860.730938041808, 11277778857.495827, 172433505318.1086, 36991913.281198226, 172801919609.27524
 9875.272693234147, -23583315520.59877, 174545741275.91107, 109114088.44900681, 176131770201.70352
 9889.814448426485, -57555336077.514465, 169984294332.65723, 177090183.6056276, 179463947331.2125
 9904.356203618823, -89868243596.9126, 159343114990.78308, 261818632.02602136, 182938782250.1178
 9918.897958811162, -119123221720.78107, 143258089241.417, 337635193.368665, 186315152587.6625
 9933.4397140035, -144960944249.33853, 122511016217.34084, 425721298.7198598, 189796748367.53543
 9947.981469195838, -166372225049.22308, 98011298132.93567, 500810296.50350195, 193096304057.03162
 9962.523224388176, -183389485256.55893, 70552997226.13428, 581791089.4274557, 196493682344.0598
 9977.064979580515, -195354633684.75385, 41143200279.37144, 646750632.7464129, 199641213474.8579
 9991.606734772853, -202612898954.96854, 10479111989.919449, 695217839.4624443, 202884898252.37823
 10006.148489965191, -204796903667.27664, -20453373710.19858, 726278453.5253425, 205817005439.8443
 10020.69024515753, -202477686943.9903, -51117838270.473305, 677846968.0463663, 208831766204.63394
 10035.232000349868, -195506159102.26187, -80612666178.59644, 613834287.5814086, 211474435778.5909
 10049.773755542206, -184387045597.0902, -108589582726.49426, 235072288.11405215, 213986764356.3924
 10064.315510734545, -169328868163.01422, -134250698578.98044, -148753811.50020206, 216091503280.45792
 10078.857265926883, -150350160221.98392, -157074361272.16824, -794404085.6764739, 217435408169.15536
 10093.399021119218, -128310075805.19876, -176702027156.13312, -1423919131.7914512, 218378363167.95795
 10107.940776311552, -103235664683.59224, -192631454914.34607, -2174455036.611859, 218561680401.17892
 10122.48253150389, -76092417126.77313, -204700598377.72855, -2881415776.4429812, 218404884279.7974
 10137.024286696229, -46963104164.61727, -212448860654.84103, -3633334321.434142, 217608025276.20178
 10151.566041888567, -16881624059.0376, -215883815271.36594, -4311459569.558796, 216585778874.357
 10166.107797080906, 13989046574.042854, -214596387769.8632, -4971190822.340604, 215109311295.7139
 10180.649552273244, 44563496120.89158, -208799947087.64413, -5526418421.272756, 213574025552.93726
 10195.191307465582, 74587914005.80124, -198170152802.81967, -6011218080.520964, 211827526824.1625
 10209.73306265792, 102969028966.1794, -183182199338.1034, -6363748650.439422, 210235193004.09363
 10224.274817850259, 129381392361.08798, -163642871177.68292, -6601744254.097465, 208715397141.09744
With respect to Earth
 9642.60461015674, 0.0, 0.0, 0.0, 0.0
 9657.14636534908, 900101.8421592712, -326683.6192626953, -73033.68249791488, 960332.9798212148
 9671.688120541417, 355388517.3292656, -12921116.339538574, -17429049.41149161, 356050172.3919563
 9686.229875733756, 690058000.0606537, -32771877.787628174, -33752262.04783397, 691659782.418193
 9700.771630926094, 1322952806.9011383, 65392079.39015198, -61380963.03597611, 1325989395.1151316
 9715.313386118432, 1939488711.6961517, 63737834.06666565, -85402216.96451522, 1942414094.0980537
 9729.85514131077, 2843630168.0130157, 180131932.47991943, -111619791.05295603, 2851515215.3350663
 9744.396896503109, 3940521923.374298, 77572574.9947586, -131412028.67847422, 3943475580.5337744
 9758.938651695447, 5537627012.998138, 146575031.82516098, -145015160.37790012, 5541464298.520803
 9773.480406887782, 7775979545.274139, 165416402.43659973, -150616681.2716421, 7779196993.224568
 9788.022162080117, 10817628074.040558, 813969842.6939316, -143379136.57803637, 10849155802.636972
 9802.563917272455, 14814610532.64737, 2154193481.2269745, -128767469.373207, 14970965762.092836
 9817.105672464793, 19488295367.47612, 5082374952.225067, -97525089.98580575, 20140350111.85686
 9831.647427657132, 24689233526.71888, 9824209761.927612, -61770774.84124391, 26572112547.0264
 9846.18918284947, 29510994455.10947, 17127803062.91507, -8015558.743391788, 34121261637.5873
 9860.730938041808, 33412310937.0821, 27000962337.80484, 45902216.800306164, 42958545091.0214
 9875.272693234147, 35025674236.44782, 39581774650.269196, 117395149.09296611, 52853841126.29363
 9889.814448426485, 33696758845.541855, 54314077949.072586, 184197832.67642298, 63918108146.23739
 9904.356203618823, 28084980107.340515, 70502229237.24469, 267285677.3670403, 75890723258.40648
 9918.897958811162, 17901951373.342133, 86996887533.37317, 341102428.0555031, 88820350451.5396
 9933.4397140035, 2353800172.458618, 102439939233.38481, 426960033.7650631, 102467867257.31082
 9947.981469195838, -18107548303.9534, 115407546490.84213, 499735079.961193, 116820524000.56267
 9962.523224388176, -43463131669.265594, 124331654867.78256, 578462333.3972096, 131710815179.81914
 9977.064979580515, -72425897933.07123, 127981280262.70334, 641367774.1181971, 147054854192.96414
 9991.606734772853, -104200232759.63164, 125070834958.92946, 688104298.2978966, 162790895789.69247
 10006.148489965191, -136856022634.66777, 114962869615.5494, 717860000.6091762, 178735971881.9997
 10020.69024515753, -169084428185.61655, 97005659398.5203, 668625214.723762, 194936114842.4694
 10035.232000349868, -198651279996.41293, 71396515437.96976, 604356947.326206, 211092772752.21262
 10049.773755542206, -223884880814.62253, 38287318174.977356, 225901717.52873045, 227135223208.54526
 10064.315510734545, -242838498500.8277, -1210433205.7908936, -157072431.0811106, 242841565994.0258
 10078.857265926883, -253505820723.88422, -45769509693.19418, -801373666.5398059, 257605689685.22208
 10093.399021119218, -254956095437.18646, -93771253730.1567, -1429119472.410283, 271657322760.06766
 10107.940776311552, -245759421199.3249, -143055906660.7835, -2177568230.829829, 284371987618.6224
 10122.48253150389, -225845852843.43674, -191484263596.91882, -2882246911.199042, 296109573974.0454
 10137.024286696229, -194758763578.6395, -236398057387.76917, -3631826075.3767548, 306313903843.80725
 10151.566041888567, -153542820100.66788, -275506654066.1516, -4307699344.4466, 315432830112.5841
 10166.107797080906, -102947991287.37253, -306140058016.6248, -4965409215.167678, 323024270483.19666
 10180.649552273244, -45213031429.31637, -326437154695.2692, -5518978246.279359, 329599595414.5793
 10195.191307465582, 17740589751.808456, -334335498722.6374, -6002593810.576766, 334859650246.65393
 10209.73306265792, 82734230218.70438, -329045243317.72394, -6354497037.62487, 339346584825.165
 10224.274817850259, 147077164396.42328, -309688845906.8874, -6592467899.900149, 342902805761.4046