[ 9.64260461e+03  5.81670208e+02  3.84828060e+02  9.51050093e-01
 -3.05272678e-01 -4.79318753e-02 -5.28982200e-01 -8.45050493e-01
  7.78978660e-02  9.98185370e-01 -3.52894106e-02 -4.87949004e-02
  9.00202982e-01  4.33907486e-01 -3.68708028e-02  6.29399423e-01
  7.76836706e-01 -1.95264279e-02  2.63002554e-01  9.64789571e-01
 -3.31354984e-03 -1.28744263e-01  9.91598803e-01  1.25309765e-02
 -4.79103745e-01  8.77359295e-01  2.64724647e-02 -7.44485325e-01
  6.66519852e-01  3.86404223e-02 -9.11168466e-01  4.09187752e-01
  4.83526754e-02 -9.86216543e-01  1.55802731e-01  5.57565837e-02
 -9.96099939e-01 -6.93128785e-02  5.46236923e-02 -9.68881341e-01
 -2.43216704e-01  4.60606204e-02 -9.29313343e-01 -3.69295741e-01
  1.05946904e-03 -8.74061998e-01 -4.67065864e-01 -1.33676745e-01
 -3.71321321e-01 -5.48716848e-01 -6.34160870e-01  8.31840174e-01
  1.09449591e-01 -5.44116548e-01  9.08471300e-01  2.91286085e-01
 -2.99722157e-01  8.92794281e-01  4.03233753e-01 -2.00822917e-01
  8.42544834e-01  5.21699921e-01 -1.33973162e-01  7.57962038e-01
  6.46146160e-01 -8.93927477e-02  6.31852850e-01  7.73365076e-01
 -5.16820979e-02]