[ 1.02806112e+04  8.33774374e+02  6.90589510e+02 -4.79397311e-01
 -8.74584174e-01 -7.61677271e-02  5.79804444e-01 -7.08254284e-01
 -4.02745963e-01 -3.10387907e-01 -9.45972623e-01 -9.37835506e-02
  4.31980605e-02 -9.84339827e-01 -1.70914472e-01  3.80623657e-01
 -8.98227060e-01 -2.19810830e-01  6.43223062e-01 -7.26716916e-01
 -2.41145054e-01  8.27891028e-01 -5.07326664e-01 -2.39205313e-01
  9.39652198e-01 -2.67544651e-01 -2.13247313e-01  9.80911909e-01
 -1.78373520e-02 -1.93633008e-01  9.66920109e-01  2.12275029e-01
 -1.41440169e-01  8.92467855e-01  4.39226837e-01 -1.02867838e-01
  7.76318490e-01  6.27752775e-01 -5.70756045e-02  6.20414160e-01
  7.84085025e-01 -1.72678764e-02  4.35670650e-01  8.99678326e-01
  2.77629680e-02  2.35608052e-01  9.69185534e-01  7.19210117e-02
  2.98134419e-02  9.93689851e-01  1.08127919e-01 -1.71903167e-01
  9.73562597e-01  1.50435884e-01 -3.64216809e-01  9.11797030e-01
  1.89666111e-01 -5.36295024e-01  8.16033204e-01  2.15587503e-01
 -6.78154674e-01  6.94268949e-01  2.41033808e-01 -7.97985883e-01
  5.43203435e-01  2.61056057e-01 -8.89222329e-01  3.69487283e-01
  2.69745802e-01 -9.48040287e-01  1.74568101e-01  2.65983729e-01
 -9.69227456e-01 -4.56572744e-02  2.41900732e-01 -9.38114839e-01
 -2.92095927e-01  1.86080711e-01 -8.29029285e-01 -5.51783050e-01
  9.08342773e-02 -6.04252745e-01 -7.95420020e-01 -4.58548736e-02
 -2.85229751e-01 -9.40204554e-01 -1.86148960e-01  4.62888989e-02
 -9.54567921e-01 -2.94298027e-01  3.30467273e-01 -8.72766755e-01
 -3.59263157e-01  5.48703199e-01 -7.44529099e-01 -3.80267829e-01
  7.07744425e-01 -5.99123188e-01 -3.74366847e-01  8.23869437e-01
 -4.42125150e-01 -3.54637025e-01  9.03193015e-01 -2.81331022e-01
 -3.24188782e-01  9.50318434e-01 -1.17475203e-01 -2.88265892e-01
  9.67461968e-01  4.56589262e-02 -2.48863668e-01  9.56141557e-01
  2.06963386e-01 -2.07270123e-01  9.18365402e-01  3.59400586e-01
 -1.65642769e-01  8.55012668e-01  5.03772268e-01 -1.23158376e-01
  7.70533131e-01  6.32297782e-01 -8.04878528e-02  6.66922214e-01
  7.44145505e-01 -3.82397495e-02  5.51906138e-01  8.33902505e-01
  2.51582594e-03  4.24590159e-01  9.04384371e-01  4.25728797e-02
  2.93225285e-01  9.52554956e-01  8.15980775e-02  1.58260597e-01
  9.79879869e-01  1.21612050e-01  2.62859388e-02  9.86937142e-01
  1.58950858e-01 -9.82237104e-02  9.75539495e-01  1.96660882e-01
 -2.15480298e-01  9.48237341e-01  2.33271148e-01 -3.20756821e-01
  9.08496715e-01  2.67860805e-01 -4.13646869e-01  8.58839578e-01
  3.02144137e-01 -4.92730871e-01  8.02727288e-01  3.35925123e-01
 -5.58719949e-01  7.43142852e-01  3.68200042e-01]