[ 1.00000000e+04  9.34312946e+02  4.52594966e+02 -7.99933355e-01
  5.86855698e-01 -1.25470141e-01 -4.89530507e-01 -8.71733592e-01
 -2.10161275e-02 -8.37693185e-01  5.35057829e-01 -1.09469983e-01
 -9.74725158e-01  2.08225102e-01 -8.09708101e-02 -8.25079090e-01
  5.32337156e-01  1.89372405e-01 -6.96369502e-01  6.24183325e-01
  3.54223299e-01 -7.36325052e-01  5.01002360e-01  4.54781897e-01
  5.65045567e-02  9.98118892e-01 -2.38161821e-02  4.63605395e-01
  7.56488490e-01 -4.61300869e-01  8.10954361e-01  4.55873658e-01
 -3.66788571e-01  7.94781865e-01  5.89936437e-01 -1.42472324e-01
  4.37214043e-01  8.99266377e-01 -1.28048076e-02 -2.15379182e-01
  9.74831129e-01  5.75865978e-02 -8.12983828e-01  5.76105383e-01
  8.46162462e-02 -9.95155167e-01 -7.04712118e-02  6.85584072e-02
 -7.49753407e-01 -6.61690063e-01  6.01799194e-03 -1.40047883e-01
 -9.86146276e-01 -8.88939145e-02  5.39655688e-01 -8.29092535e-01
 -1.46210601e-01  9.11434009e-01 -3.87793948e-01 -1.37493174e-01
  9.92665076e-01  7.07959627e-02 -9.80019357e-02  8.80653828e-01
  4.70660212e-01 -5.41094628e-02  6.21088296e-01  7.83628506e-01
 -1.32552181e-02]