[ 9.56073577e+03  7.37864973e+02  5.25931235e+02 -4.42462119e-01
 -8.97258863e-01  2.08244710e-02 -1.67818997e-02 -9.98779302e-01
 -4.81887895e-02 -1.00639864e-01 -9.94164604e-01 -3.88756919e-02
  6.23022751e-01 -7.78845373e-01 -7.24175507e-02  9.84767593e-01
 -1.59789580e-01 -6.85572518e-02  8.95474035e-01  4.43358755e-01
 -3.94887778e-02  5.45686193e-01  8.37960574e-01 -7.00531210e-03
  9.53876804e-02  9.95240391e-01  1.99474677e-02 -3.41362353e-01
  9.39054362e-01  4.06040572e-02 -6.90426197e-01  7.21362144e-01
  5.42986858e-02 -9.09356938e-01  4.11565439e-01  6.06953815e-02
 -9.95199975e-01  8.00524098e-02  5.62937816e-02 -9.76226575e-01
 -2.14250203e-01  3.28427811e-02 -8.99304264e-01 -4.35908484e-01
 -3.51798140e-02 -7.85741346e-01 -5.77257004e-01 -2.22227500e-01
 -3.04769365e-01 -5.38274193e-01 -7.85738779e-01  7.26496791e-01
  1.95695927e-01 -6.58720891e-01  8.24652316e-01  4.69042719e-01
 -3.16145135e-01  7.52432668e-01  6.39446051e-01 -1.57967966e-01
  6.05026014e-01  7.93417109e-01 -6.65809434e-02  3.97476943e-01
  9.17592183e-01 -6.09266201e-03  1.48447824e-01  9.88203017e-01
  3.76576247e-02]