[ 1.00000000e+04  9.35699849e+02  4.52076040e+02 -6.37335074e-01
  7.65413849e-01  9.20962861e-02 -4.35917551e-01 -8.99786874e-01
  2.04407433e-02 -7.41380286e-01  6.59274344e-01 -1.25350171e-01
 -8.84529231e-01  4.60953778e-01 -7.16231523e-02 -8.00136304e-01
  5.81333864e-01  1.47759765e-01 -8.63524411e-01  4.14207210e-01
  2.87677628e-01 -9.16583826e-01 -9.38418468e-02  3.88675636e-01
  8.11794755e-01  5.79435322e-01 -7.24670254e-02  5.24549564e-01
  7.63206895e-01 -3.77321534e-01  6.17088931e-01  6.85991993e-01
 -3.85511213e-01  7.06501626e-01  6.86898117e-01 -1.70373642e-01
  3.94504981e-01  9.18774862e-01 -1.47890068e-02 -2.35935849e-01
  9.69670485e-01  6.38234456e-02 -8.19783430e-01  5.65677593e-01
  8.92417245e-02 -9.94719593e-01 -7.34767037e-02  7.16530967e-02
 -7.56028003e-01 -6.54537268e-01  1.64609422e-03 -1.60274616e-01
 -9.81657664e-01 -1.03249084e-01  5.26893481e-01 -8.32655829e-01
 -1.70492041e-01  9.09126538e-01 -3.86929232e-01 -1.54190892e-01
  9.91397456e-01  7.35568498e-02 -1.08261391e-01  8.77890949e-01
  4.75112682e-01 -5.97949287e-02  6.21493255e-01  7.83407219e-01
 -4.38975233e-03]