[ 9.56073350e+03  7.37865154e+02  5.25931168e+02 -4.72381058e-01
 -8.81305431e-01  1.32315050e-02 -1.78581100e-02 -9.99385521e-01
 -3.19933074e-02 -9.93973324e-02 -9.94298505e-01 -3.86265200e-02
  6.23414482e-01 -7.78515240e-01 -7.25855984e-02  9.84824254e-01
 -1.59592550e-01 -6.82030979e-02  8.95366330e-01  4.43583152e-01
 -3.94169780e-02  5.45299274e-01  8.38209721e-01 -7.29203613e-03
  9.58179243e-02  9.95203457e-01  1.97233283e-02 -3.42034599e-01
  9.38835588e-01  4.00013774e-02 -6.90149585e-01  7.21660295e-01
  5.38529975e-02 -9.09368214e-01  4.11543531e-01  6.06749928e-02
 -9.95190266e-01  8.00274110e-02  5.64993853e-02 -9.76322767e-01
 -2.13843853e-01  3.26295557e-02 -8.99412367e-01 -4.35727954e-01
 -3.46208132e-02 -7.84240228e-01 -5.79069449e-01 -2.22813688e-01
 -3.03806555e-01 -5.39213588e-01 -7.85462987e-01  7.24866746e-01
  1.98018861e-01 -6.59817831e-01  8.24225889e-01  4.69683959e-01
 -3.16304853e-01  7.52625189e-01  6.39257048e-01 -1.57815684e-01
  6.05468599e-01  7.93101388e-01 -6.63172932e-02  3.97755551e-01
  9.17472975e-01 -5.84331403e-03  1.48143140e-01  9.88248006e-01
  3.76806272e-02]