[ 9.64266497e+03  5.81550797e+02  3.84523720e+02  9.49306490e-01
 -3.05868763e-01 -7.25385885e-02 -5.96284349e-01 -7.92944641e-01
  1.25317764e-01  9.98249479e-01 -3.32954403e-02 -4.88821043e-02
  9.00016968e-01  4.34334616e-01 -3.63719480e-02  6.29287699e-01
  7.76913773e-01 -2.00497232e-02  2.62512154e-01  9.64921592e-01
 -3.70835680e-03 -1.27921605e-01  9.91710610e-01  1.20899199e-02
 -4.78258911e-01  8.77818150e-01  2.65279367e-02 -7.44452366e-01
  6.66527338e-01  3.91416816e-02 -9.10912559e-01  4.09626872e-01
  4.94382611e-02 -9.86420000e-01  1.54018084e-01  5.70462523e-02
 -9.96014662e-01 -6.82914292e-02  5.73680026e-02 -9.69406369e-01
 -2.41199448e-01  4.55429218e-02 -9.30860888e-01 -3.65356603e-01
  3.59634218e-03 -8.76120308e-01 -4.65576134e-01 -1.25108274e-01
 -3.99523225e-01 -5.48849219e-01 -6.62656113e-01  8.40552682e-01
  1.02456207e-01 -5.31953644e-01  9.10566333e-01  2.88990985e-01
 -2.95556020e-01  8.94145849e-01  4.02476754e-01 -1.96254211e-01
  8.43159441e-01  5.20763593e-01 -1.33745381e-01  7.57668572e-01
  6.46485602e-01 -8.94132862e-02  6.33839334e-01  7.71611463e-01
 -5.35112207e-02]