[ 9.55431740e+03  1.42014627e+03  5.93544623e+02 -3.92215281e-01
 -9.11395368e-01 -1.24813603e-01  5.51362572e-01  8.12741329e-01
  2.00392655e-01 -1.31349928e-01 -9.89937581e-01  5.26382951e-02
  3.18823223e-01 -9.47597099e-01 -2.02854665e-02  7.27518335e-01
 -6.85779910e-01 -2.05670831e-02  9.59358083e-01 -2.57265490e-01
 -1.15959254e-01  9.88078811e-01  1.51306238e-01 -2.84030003e-02
  8.39152397e-01  5.43895988e-01 -6.55015479e-04  5.43703862e-01
  8.39154261e-01 -1.43634132e-02  1.42825123e-01  9.86078277e-01
 -8.51508314e-02 -2.44980978e-01  9.55822292e-01  1.62444044e-01
 -5.97969390e-01  8.00549811e-01  3.94033851e-02 -8.67740053e-01
  4.95406278e-01  3.99977584e-02 -9.87423675e-01  1.12256000e-01
  1.11324524e-01 -9.51943618e-01 -2.97853823e-01 -7.13200580e-02
 -7.53797000e-01 -6.56757513e-01  2.14481927e-02 -4.18349230e-01
 -9.07826584e-01 -2.88947061e-02 -6.34169120e-02 -9.91548273e-01
  1.13182979e-01  2.98248092e-01 -9.51389732e-01  7.68487331e-02
  6.31993816e-01 -7.43626781e-01 -2.18181232e-01  8.51193028e-01
 -5.08892783e-01 -1.28446842e-01  9.71904172e-01 -2.31416641e-01
 -4.29958175e-02  9.92867187e-01  7.17705809e-02  9.52039550e-02
  9.37584257e-01  3.34363752e-01  9.55863090e-02  7.70261324e-01
  5.68731538e-01 -2.88516837e-01  6.57715739e-01  7.47037631e-01
 -9.66689728e-02  4.22944738e-01  9.01594712e-01 -9.08011890e-02
  2.22810197e-01  9.66023885e-01  1.30971536e-01  3.65072189e-02
  9.94685944e-01  9.62661175e-02 -1.43669769e-01  9.82301913e-01
  1.20174901e-01 -2.88843245e-01  9.46377505e-01  1.44704179e-01
 -4.34674090e-01  8.96197421e-01  8.88200276e-02 -4.41055168e-01
  8.54303093e-01  2.75022246e-01 -4.77641216e-01  8.53357994e-01
  2.08913528e-01 -3.74182445e-01  8.78758851e-01  2.96270080e-01
 -9.78203677e-02  2.96146606e-01 -4.33893617e-02 -7.47334391e-02
  6.01796748e-01  3.10647460e-02 -4.74940504e-03  9.61020971e-02
 -1.73373846e-02  9.30133587e-02  2.27844606e-01 -1.04183612e-01
  2.02126815e-03  3.63556380e-03  1.43289287e-04  2.70397860e-02
  2.19132582e-02 -2.86415961e-02  4.32502411e-03  2.30571766e-03
 -5.15822738e-03  5.91703655e-01  2.98823200e-01 -7.48726890e-01
  2.83597464e-01  1.09822127e-01 -3.31073603e-01  2.22620770e-01
  2.41362655e-02 -1.43539020e-01  2.34819188e-01  9.97166306e-02
 -2.15571395e-01  3.23622800e-01  6.75896740e-02 -1.75453800e-01
  9.05093976e-04  9.52974203e-04 -1.10736415e-03  4.67056241e-03
  6.20655639e-03 -5.07975635e-03 -9.91026226e-03 -4.74779688e-03
 -2.22257220e-02 -1.36411330e-01 -7.87517990e-01  2.25897667e-01
 -4.94475210e-02 -9.96033700e-01  7.39726962e-02]