[ 1.00000000e+04  9.34315351e+02  4.52594066e+02 -6.66302200e-01
  7.39829410e-01 -9.33233456e-02 -4.47595785e-01 -8.94231362e-01
 -3.76573374e-03 -8.38480383e-01  5.34043442e-01 -1.08389356e-01
 -9.75209346e-01  2.07864523e-01 -7.58889292e-02 -8.23149624e-01
  5.37388715e-01  1.83413142e-01 -6.75805152e-01  6.20832427e-01
  3.97309075e-01 -7.46086627e-01  4.97033272e-01  4.43071938e-01
  4.66968277e-02  9.98795237e-01 -1.51562762e-02  4.66240834e-01
  7.59432810e-01 -4.53746879e-01  8.11420627e-01  4.58534327e-01
 -3.62413215e-01  7.95131984e-01  5.89934165e-01 -1.40509329e-01
  4.36825411e-01  8.99445375e-01 -1.34759883e-02 -2.15297976e-01
  9.74902627e-01  5.66715920e-02 -8.12962717e-01  5.76210504e-01
  8.41018050e-02 -9.95232936e-01 -6.97245927e-02  6.81901155e-02
 -7.50266295e-01 -6.61107942e-01  6.07524419e-03 -1.40756390e-01
 -9.86168937e-01 -8.75135295e-02  5.40061491e-01 -8.29005599e-01
 -1.45201109e-01  9.12031817e-01 -3.86782085e-01 -1.36373183e-01
  9.92976992e-01  6.99039545e-02 -9.54471711e-02  8.80370517e-01
  4.71167461e-01 -5.43045445e-02  6.20993358e-01  7.83704691e-01
 -1.31989003e-02]