 run, tof, wet mass
 0, 737.8650588146835, 646.4723861524049
 1, 934.3133608505175, 751.2238137646365
 2, 934.3124328799377, 751.2232376462896
 3, 934.3145685129842, 751.2245638703555
 4, 737.8651538988483, 646.4724297328131
 5, 737.8743293797365, 646.4766321547173
 6, 737.8650512853494, 646.4723827125582
 7, 737.8649783312279, 646.4723493027108
 8, 934.3279859182063, 751.2328965354897
 9, 737.8650407199401, 646.4723779115839
 10, 934.3121906977804, 751.2230871284414
 11, 934.3186284295456, 751.2270851748029
 12, 934.3226304658065, 751.2295706214584
 13, 934.3121971369004, 751.2230912105064
 14, 737.8680581520407, 646.4737598878747
 15, 934.3121815786345, 751.223081456262
 16, 737.8653084871639, 646.4725005341138
 17, 934.3263691474405, 751.2318924163046
 18, 934.3133225767009, 751.2237900848199
 19, 934.3131359268856, 751.2236741602013
 mean 855.7365991595165, 709.3247301229172
 std 96.24043314950346, 51.31813930315032