[ 1.00000000e+04  9.34312185e+02  4.52595251e+02 -6.64198831e-01
  7.41572121e-01 -9.45245045e-02 -4.51105078e-01 -8.92475561e-01
 -4.95036377e-03 -8.38069343e-01  5.34405030e-01 -1.09778189e-01
 -9.75077148e-01  2.06230976e-01 -8.18154207e-02 -8.25527955e-01
  5.32194059e-01  1.87815744e-01 -6.93096634e-01  6.26148279e-01
  3.57152196e-01 -7.38736755e-01  5.00910628e-01  4.50951786e-01
  5.65960257e-02  9.98127877e-01 -2.32175992e-02  4.64750297e-01
  7.56445430e-01 -4.60215584e-01  8.10775790e-01  4.56331139e-01
 -3.66615204e-01  7.95370822e-01  5.89263400e-01 -1.41965698e-01
  4.37131430e-01  8.99299929e-01 -1.32587611e-02 -2.15125207e-01
  9.74903201e-01  5.73140609e-02 -8.12898913e-01  5.76209594e-01
  8.47222648e-02 -9.95201256e-01 -6.99020971e-02  6.84701498e-02
 -7.49842895e-01 -6.61593730e-01  5.41986218e-03 -1.39986947e-01
 -9.86144505e-01 -8.90093819e-02  5.39861310e-01 -8.28899975e-01
 -1.46542147e-01  9.11662996e-01 -3.87206413e-01 -1.37629299e-01
  9.92643243e-01  7.04819765e-02 -9.84463528e-02  8.80673038e-01
  4.70603977e-01 -5.42853974e-02  6.21161739e-01  7.83572501e-01
 -1.31239513e-02]