[ 9.49700000e+03  9.00235384e+02  6.65900582e+02 -9.98912431e-01
 -3.36250641e-02  3.23192506e-02 -5.24523953e-01 -8.09205204e-01
 -2.64769349e-01 -9.80398990e-01 -1.95131803e-01  2.72299503e-02
 -8.71505921e-01 -4.90075480e-01  1.74221086e-02 -6.71197970e-01
 -7.41259467e-01  5.27704403e-03 -3.93993147e-01 -9.19050637e-01
 -1.07421452e-02 -6.96600005e-02 -9.97177478e-01 -2.80123690e-02
  2.62754825e-01 -9.63944142e-01 -4.20909770e-02  5.61087245e-01
 -8.26071252e-01 -5.27996002e-02  7.91633086e-01 -6.08176423e-01
 -5.86392525e-02  9.37535397e-01 -3.43016990e-01 -5.80237676e-02
  9.96621990e-01 -6.23089594e-02 -5.34999633e-02  9.77063362e-01
  2.08586290e-01 -4.28829758e-02  8.91329216e-01  4.52250188e-01
 -3.16552509e-02  7.53787624e-01  6.56849528e-01 -1.87864014e-02
  5.78463036e-01  8.15692715e-01 -5.10135971e-03  3.77929457e-01
  9.25799691e-01  8.01922676e-03  1.64781081e-01  9.86075393e-01
  2.24220005e-02 -5.05112229e-02  9.98086548e-01  3.56644970e-02
 -2.58363058e-01  9.64873554e-01  4.76217110e-02 -4.50267393e-01
  8.90994570e-01  5.82068944e-02 -6.18807895e-01  7.82590218e-01
  6.80444252e-02 -7.58724033e-01  6.47022802e-01  7.54965510e-02
 -8.66383254e-01  4.92889203e-01  8.02522701e-02 -9.41072158e-01
  3.28415358e-01  8.07872267e-02 -9.83560029e-01  1.60723246e-01
  8.23296029e-02 -9.97537991e-01 -2.60178653e-03  7.00800179e-02
 -9.86569072e-01 -1.55472520e-01  5.01025954e-02 -9.54617033e-01
 -2.97391338e-01  1.62743243e-02 -9.02994955e-01 -4.27199233e-01
 -4.58359924e-02 -8.22889301e-01 -5.47926998e-01 -1.50451570e-01
 -6.62763858e-01 -6.54670822e-01 -3.63527015e-01 -4.23388938e-01
 -7.39215434e-01 -5.23739400e-01  3.15331079e-02 -6.44070279e-01
 -7.64321693e-01  4.66119934e-01 -4.20972420e-01 -7.78148724e-01
  7.62024221e-01 -1.17628939e-01 -6.36779957e-01  8.32260132e-01
  5.77425946e-02 -5.51370560e-01  9.00668751e-01  1.81541042e-01
 -3.94767716e-01  8.88302535e-01  3.62732172e-01 -2.81680935e-01
  8.56007745e-01  4.63063232e-01 -2.29834389e-01  8.11996916e-01
  5.55241220e-01 -1.79911740e-01  7.54283322e-01  6.44602348e-01
 -1.24679100e-01  6.61468069e-01  7.46639056e-01 -7.06420350e-02
  5.90031021e-01  8.06773847e-01 -3.13001347e-02  5.06194829e-01
  8.62312827e-01  1.35625206e-02  4.17315274e-01  9.07091860e-01
  5.50673650e-02  3.49362658e-01  9.32560480e-01  9.09772410e-02
  2.91621658e-01  9.46701849e-01  1.36793807e-01  2.79063588e-01
  9.44645275e-01  1.72536855e-01  2.77028205e-01  9.36598413e-01
  2.14567695e-01  3.64365027e-01  8.95816501e-01  2.54462780e-01
  4.61986942e-01  8.38342032e-01  2.89397321e-01]