[ 1.00000000e+04  9.34313005e+02  4.52594944e+02 -6.61802377e-01
  7.33462687e-01 -1.55542927e-01 -4.11972969e-01 -9.01287346e-01
  1.34026072e-01 -8.37724739e-01  5.34968367e-01 -1.09663872e-01
 -9.75074241e-01  2.06254163e-01 -8.18020925e-02 -8.25768607e-01
  5.32276767e-01  1.86516918e-01 -6.92989485e-01  6.26179043e-01
  3.57309034e-01 -7.39925063e-01  4.98894751e-01  4.51243920e-01
  5.92176272e-02  9.97958554e-01 -2.39436268e-02  4.65461084e-01
  7.56547367e-01 -4.59334267e-01  8.11005083e-01  4.56657797e-01
 -3.65701270e-01  7.95539064e-01  5.89102024e-01 -1.41692722e-01
  4.36989774e-01  8.99371921e-01 -1.30456246e-02 -2.15332446e-01
  9.74843393e-01  5.75530001e-02 -8.13046172e-01  5.75980816e-01
  8.48652414e-02 -9.95191717e-01 -7.00681255e-02  6.84398414e-02
 -7.49969886e-01 -6.61450908e-01  5.29096933e-03 -1.40414793e-01
 -9.86053342e-01 -8.93458545e-02  5.39665249e-01 -8.28936418e-01
 -1.47057304e-01  9.11630432e-01 -3.87194974e-01 -1.37877237e-01
  9.92631873e-01  7.04426830e-02 -9.85890390e-02  8.80560236e-01
  4.70814054e-01 -5.42936541e-02  6.21066214e-01  7.83648380e-01
 -1.31144734e-02]