[ 1.02805442e+04  8.33769027e+02  6.90590926e+02 -4.80335698e-01
 -8.76140013e-01 -4.08610345e-02  5.86612408e-01 -7.12001610e-01
 -3.85932072e-01 -3.07946156e-01 -9.47130730e-01 -9.00697184e-02
  5.53348207e-02 -9.83569287e-01 -1.71841549e-01  3.84148793e-01
 -8.95918878e-01 -2.23067456e-01  6.43684927e-01 -7.25771339e-01
 -2.42746124e-01  8.27065293e-01 -5.09093673e-01 -2.38299499e-01
  9.38062066e-01 -2.70067635e-01 -2.17032341e-01  9.82433276e-01
 -2.47361564e-02 -1.84967563e-01  9.65718165e-01  2.14120658e-01
 -1.46767752e-01  8.94384798e-01  4.34905992e-01 -1.04559155e-01
  7.76235219e-01  6.27513275e-01 -6.07122815e-02  6.20368742e-01
  7.84140015e-01 -1.63420277e-02  4.37181583e-01  8.98946943e-01
  2.76886752e-02  2.37574922e-01  9.68824986e-01  7.02588681e-02
  3.20512762e-02  9.93297583e-01  1.11052365e-01 -1.69858813e-01
  9.74062177e-01  1.49502034e-01 -3.59602095e-01  9.14656931e-01
  1.84632162e-01 -5.30445364e-01  8.19716653e-01  2.16084114e-01
 -6.77534909e-01  6.94497259e-01  2.42115685e-01 -7.97668792e-01
  5.43635779e-01  2.61121904e-01 -8.88582173e-01  3.70383073e-01
  2.70625438e-01 -9.48015765e-01  1.75323671e-01  2.65570635e-01
 -9.69641711e-01 -4.38490955e-02  2.40566441e-01 -9.39124348e-01
 -2.89211795e-01  1.85477760e-01 -8.28788351e-01 -5.51965524e-01
  9.18911085e-02 -6.08547468e-01 -7.92405828e-01 -4.19893440e-02
 -2.90991978e-01 -9.38576222e-01 -1.85467918e-01  4.48910986e-02
 -9.53878218e-01 -2.96818366e-01  3.29852751e-01 -8.73212544e-01
 -3.58743715e-01  5.46549169e-01 -7.46205476e-01 -3.80080779e-01
  7.07051450e-01 -5.99228100e-01 -3.75504904e-01  8.22945438e-01
 -4.43546283e-01 -3.55003532e-01  9.02653172e-01 -2.82314329e-01
 -3.24832146e-01  9.49986146e-01 -1.18765065e-01 -2.88827253e-01
  9.67359728e-01  4.55616618e-02 -2.49277546e-01  9.56088377e-01
  2.06741751e-01 -2.07732679e-01  9.18027950e-01  3.60386228e-01
 -1.65367622e-01  8.55246592e-01  5.03439346e-01 -1.22890587e-01
  7.70680223e-01  6.32125726e-01 -8.04304966e-02  6.67934067e-01
  7.43216992e-01 -3.86339957e-02  5.50956688e-01  8.34529819e-01
  2.59144528e-03  4.23964402e-01  9.04660225e-01  4.29426058e-02
  2.91500994e-01  9.53012701e-01  8.24255032e-02  1.57467356e-01
  9.80073975e-01  1.21074545e-01  2.61439140e-02  9.86896838e-01
  1.59220396e-01 -9.94699811e-02  9.75520214e-01  1.96127607e-01
 -2.16164127e-01  9.48321335e-01  2.32292307e-01 -3.21856873e-01
  9.08197834e-01  2.67553450e-01 -4.14725578e-01  8.58344993e-01
  3.02070485e-01 -4.94206926e-01  8.02020942e-01  3.35442967e-01
 -5.59644643e-01  7.42598132e-01  3.67893859e-01]