 run, tof, wet mass
 0, 934.312181808678, 751.2230816117885
 1, 737.8689731666245, 646.4741789699362
 2, 934.3153513912828, 751.2250500671856
 3, 979.6285967945688, 780.4806489255484
 4, 934.4088567099154, 751.2831242042911
 5, 737.8673962139948, 646.4734566735815
 6, 737.8650343814985, 646.4723749610905
 7, 737.8665863268205, 646.4730857026324
 8, 737.8650500518539, 646.4723821844167
 9, 934.3121962022971, 751.2230905966654
 10, 934.3133872056898, 751.2238301582456
 11, 737.8650519773554, 646.4723830122417
 12, 738.1847641253783, 646.6188464827775
 13, 737.865052502547, 646.4723833332467
 14, 934.3130049995019, 751.2235929473256
 15, 934.312724568181, 751.2234187271492
 16, 935.3607433339068, 751.874840436386
 17, 934.3121714648821, 751.2230752204581
 18, 737.899544849419, 646.4881813731705
 19, 737.8650374762678, 646.4723763994646
 mean 838.4300852775332, 700.35467009938
 std 100.9850961221649, 54.22033696857028