[ 9.56074040e+03  7.37865006e+02  5.25931223e+02 -4.52097816e-01
 -8.91859855e-01 -2.00958358e-02 -6.88542148e-03 -9.98414571e-01
 -5.68931428e-02 -1.00804964e-01 -9.94170486e-01 -3.82601999e-02
  6.23109255e-01 -7.78781026e-01 -7.23571117e-02  9.84932422e-01
 -1.58921696e-01 -6.82060788e-02  8.95355281e-01  4.43618747e-01
 -3.92605340e-02  5.45320357e-01  8.38196226e-01 -7.28392658e-03
  9.57822508e-02  9.95204283e-01  1.98557300e-02 -3.41575571e-01
  9.38994932e-01  4.01829662e-02 -6.90440268e-01  7.21359085e-01
  5.41600925e-02 -9.09464850e-01  4.11329985e-01  6.06741292e-02
 -9.95189909e-01  8.00360868e-02  5.64918388e-02 -9.76363219e-01
 -2.13652582e-01  3.26721355e-02 -8.99611160e-01 -4.35229276e-01
 -3.57120651e-02 -7.84765460e-01 -5.78383328e-01 -2.22754198e-01
 -3.06673882e-01 -5.38336454e-01 -7.84953064e-01  7.26148446e-01
  1.94620046e-01 -6.59419690e-01  8.24167550e-01  4.69698886e-01
 -3.16435345e-01  7.52757241e-01  6.39041281e-01 -1.58061468e-01
  6.05886786e-01  7.92763665e-01 -6.65414607e-02  3.97680820e-01
  9.17504423e-01 -5.98006413e-03  1.48722161e-01  9.88161861e-01
  3.76579405e-02]