With respect to sun
t, X, Y, Z, R
 9560.74196831847, -143195532451.2466, 38899280765.69731, -2311073.1921381876, 148385021358.0388
 9579.188593157316, -148901276266.79797, -8296300035.88456, 462013.4956486402, 149132218746.92325
 9597.635217996161, -139649582583.06616, -55092025413.55411, -12994853.296916462, 150123740123.46786
 9616.08184283501, -116596708473.11632, -96461825480.94261, -25172772.887384906, 151326391735.04797
 9634.52846767386, -82014866530.84865, -128878585707.50304, -66019918.79575375, 152761685460.29074
 9652.975092512705, -39721490602.09152, -149219531725.6848, -100692825.84311177, 154415917583.42105
 9671.42171735155, 6637101582.51889, -156079995111.9693, -156473063.8074981, 156221126853.53647
 9689.868342190395, 52438157959.25641, -149242608747.48254, -198547438.96626183, 158187092068.22028
 9708.31496702924, 94229440696.87498, -129576919858.32457, -241321799.607872, 160216802771.20596
 9726.76159186809, 128369429675.14008, -99348391430.39148, -264466709.0812305, 162323391098.03992
 9745.208216706938, 152719811513.1371, -60938114131.21171, -270199222.72186726, 164428913485.7269
 9763.654841545784, 165569773532.89337, -17915264192.588463, -255566259.55185887, 166536398162.4944
 9782.101466384629, 166453757329.64346, 26891529220.296093, -213180444.89281055, 168612138112.48572
 9800.548091223474, 155695709571.57428, 69836840594.80698, -155865606.09002817, 170641034271.79422
 9818.99471606232, 134263596162.29437, 108532731266.78766, -68890833.45988284, 172644350491.42892
 9837.441340901169, 104071858178.11461, 140168907562.04156, 22607236.103208177, 174580281884.49255
 9855.887965740018, 66974824522.1712, 163330847687.4881, 138906049.07996577, 176529352292.98138
 9874.334590578863, 25780429476.707474, 176538782273.522, 246771863.10865635, 178411415237.29337
 9892.781215417708, -17399750443.11816, 179526916969.9001, 370050131.46007305, 180368517677.8364
 9911.227840256557, -59598133513.60297, 172247818353.21097, 472201376.62839556, 182267581922.52975
 9929.674465095406, -99009783488.33073, 155463848561.1199, 576648553.2777966, 184315701879.66882
 9948.121089934251, -133124763383.61952, 130339682069.91806, 650209712.8882607, 186309039288.7654
 9966.567714773097, -160857284991.51172, 98333409105.02686, 707130414.3214046, 188533884260.84012
 9985.014339611942, -180537026224.07858, 61389966507.23305, 728631838.5736732, 190690526062.3847
 10003.460964450787, -191970158071.09283, 21230259917.392654, 696033303.1434705, 193141787266.1416
 10021.907589289636, -194455440635.90994, -19931108365.187935, 630970578.253981, 195475230137.83966
 10040.354214128485, -188635865939.46133, -60527118055.022995, 414921882.45808244, 198109045979.59595
 10058.80083896733, -174660815845.83725, -98518140569.30685, 180877800.33605003, 200529941230.59488
 10077.247463806176, -153578882410.9429, -132718134513.77937, -503359906.3516754, 202979875166.4982
 10095.694088645021, -126318166375.9925, -161590622064.672, -1167519006.7140546, 205107706818.8117
 10114.140713483866, -93708514056.37613, -184053782253.89105, -2166880810.321093, 206547272412.54703
 10132.587338322715, -57519562976.47605, -199497053165.24387, -3083683893.7017717, 207646534892.77686
 10151.033963161564, -18679510915.34193, -207165585136.5708, -4071330843.3870163, 208045859194.19415
 10169.48058800041, 20858852766.896027, -207100588746.04507, -4907015500.9122095, 208206206436.8777
 10187.927212839255, 60074747872.22018, -198930118631.55353, -5655188670.072174, 207880130338.54126
 10206.3738376781, 97041986120.01418, -183317855257.63602, -6191775472.934176, 207511255622.15616
 10224.820462516946, 130731804246.20953, -160316967258.63507, -6536657250.480238, 206966331852.516
 10243.267087355795, 159466210202.4586, -131241840786.52838, -6633820128.797412, 206634703133.02267
 10261.713712194643, 182379341736.819, -96585450277.60101, -6482250486.857014, 206477584907.07098
 10280.160337033489, 198334488289.1179, -58243853148.19061, -6083368006.87728, 206799233656.12683
 10298.606961872334, 206854872554.11676, -17043264823.50087, -5428854285.692249, 207626789297.71835
With respect to Earth
 9560.74196831847, 0.002349853515625, 0.0081787109375, -4.842877388000488e-07, 0.008509590141635019
 9579.188593157316, -746542.4386901855, -1048595.5733337402, -31768.319113020785, 1287589.8086269058
 9597.635217996161, -50620359.23574829, -425775174.4330139, -16255146.316143593, 429081751.78441095
 9616.08184283501, -154821030.5366516, -837222315.583374, -30886733.16554927, 851976964.1796998
 9634.52846767386, -120587346.65640259, -1635830890.4081573, -73637713.63408345, 1641921594.6738844
 9652.975092512705, -287867944.2331085, -2637864876.517273, -109485134.48389857, 2655783510.52066
 9671.42171735155, -167025455.12783813, -4178491008.891968, -165601803.66384175, 4185105562.7580523
 9689.868342190395, 41714343.24889374, -6477248201.474487, -207143421.51532337, 6480693847.653524
 9708.31496702924, 1226167714.1325378, -9527595351.499054, -248563736.91886243, 9609388345.591953
 9726.76159186809, 3647355731.1093445, -13479924276.75978, -269656496.3714521, 13967257317.113808
 9745.208216706938, 8299403685.05481, -17516717612.946297, -272828515.169451, 19385301980.054214
 9763.654841545784, 15536432860.588745, -21164990255.591675, -255369108.28286988, 26256480570.18186
 9782.101466384629, 25650408772.6304, -22695807005.965633, -210166468.9453168, 34250361980.565144
 9800.548091223474, 38266473149.02777, -21093645208.3479, -150328368.440496, 43695393739.60692
 9818.99471606232, 52179948287.24315, -14456053197.594727, -61387361.14374015, 54145436056.228836
 9837.441340901169, 65808658574.46042, -2162701991.8258667, 31307045.540300768, 65844193391.721725
 9855.887965740018, 76518277793.24007, 16508591827.784576, 147897098.02392575, 78279003022.08412
 9874.334590578863, 82127564011.64954, 40622513617.48935, 255110565.88754022, 91625271974.99348
 9892.781215417708, 79844331550.07396, 68770219103.44983, 376857889.77558583, 105378376994.92111
 9911.227840256557, 68402197655.37851, 98210102483.92145, 476760619.46304166, 119684218569.85194
 9929.674465095406, 46525079063.62053, 125803917473.53696, 578478396.7477877, 134132558578.52016
 9948.121089934251, 15103453183.095505, 148094135489.1313, 649112341.2937431, 148863724967.3632
 9966.567714773097, -24829240624.165375, 161730933657.39423, 703204689.6979073, 163627261140.98706
 9985.014339611942, -70169789259.69727, 164170310560.66583, 722255707.3340778, 178539104533.55188
 10003.460964450787, -118031255828.68343, 153380267069.71002, 687820100.265395, 193539031658.63474
 10021.907589289636, -164074455032.7235, 128862132774.64163, 621706008.0041212, 208629486352.90018
 10040.354214128485, -204719497165.35666, 90697645967.08342, 405488656.3061735, 223911366224.8017
 10058.80083896733, -235680541993.52042, 40753177279.17566, 172174322.68432575, 239178111408.01505
 10077.247463806176, -253725574448.622, -18653721157.134262, -510501146.8445458, 254410866618.76746
 10095.694088645021, -256007986601.74063, -83640521970.94864, -1172408130.984457, 269327311389.46036
 10114.140713483866, -240415651754.57492, -149736751566.30695, -2169037132.131375, 283241037104.94977
 10132.587338322715, -206897052699.1532, -212157975325.21085, -3082886895.6637077, 296356037733.8386
 10151.033963161564, -155904815109.10153, -265535883102.8498, -4067649804.2275267, 307948311189.3021
 10169.48058800041, -90387755892.479, -305285464341.7294, -4900812407.617786, 318422956326.7673
 10187.927212839255, -13820886854.50521, -326877331140.41125, -5647090659.825438, 327218117102.0997
 10206.3738376781, 68143135939.64259, -327770946450.8164, -6182616290.789968, 334836534830.28357
 10224.820462516946, 149843749664.05823, -306181967859.3361, -6527391898.770197, 340944502229.61597
 10243.267087355795, 224582626160.48145, -263216297480.10986, -6625422044.141102, 346069460440.4429
 10261.713712194643, 286678880334.444, -200837247001.30017, -6475604613.348659, 350089008207.88434
 10280.160337033489, 330957809189.65204, -123908621079.81467, -6079174496.697967, 353445008741.21356
 10298.606961872334, 354134613915.9667, -37342664082.3273, -5427555600.610057, 356139379588.91046