[ 9.56074197e+03  7.37864994e+02  5.25931228e+02 -4.45838457e-01
 -8.94980505e-01 -1.96593208e-02 -2.58583867e-02 -9.98669954e-01
 -4.48581046e-02 -9.93452280e-02 -9.94322781e-01 -3.81148319e-02
  6.23291380e-01 -7.78675749e-01 -7.19266484e-02  9.84795798e-01
 -1.59564033e-01 -6.86795993e-02  8.95266500e-01  4.43825957e-01
 -3.89463626e-02  5.45368343e-01  8.38165769e-01 -7.20336613e-03
  9.55492516e-02  9.95229217e-01  1.97292661e-02 -3.42112611e-01
  9.38798128e-01  4.02145501e-02 -6.90401967e-01  7.21406418e-01
  5.40179241e-02 -9.09362024e-01  4.11576631e-01  6.05461886e-02
 -9.95203749e-01  8.00020689e-02  5.62979432e-02 -9.76285731e-01
 -2.14044940e-01  3.24235422e-02 -8.99252602e-01 -4.36027008e-01
 -3.50152926e-02 -7.84777127e-01 -5.78375841e-01 -2.22725276e-01
 -3.05519091e-01 -5.37930741e-01 -7.85678419e-01  7.25353639e-01
  1.95500272e-01 -6.60031642e-01  8.24231571e-01  4.69784149e-01
 -3.16142758e-01  7.52671717e-01  6.39237726e-01 -1.57675736e-01
  6.05810972e-01  7.92815799e-01 -6.66060335e-02  3.97898479e-01
  9.17408775e-01 -6.18316834e-03  1.48549932e-01  9.88188231e-01
  3.76445808e-02]