[ 1.00000000e+04  9.34312193e+02  4.52595248e+02 -6.66428759e-01
  7.39740064e-01 -9.33438189e-02 -4.46532980e-01 -8.94751101e-01
 -5.39313599e-03 -8.38064015e-01  5.34400589e-01 -1.09839530e-01
 -9.75049345e-01  2.06379106e-01 -8.17717619e-02 -8.25605290e-01
  5.32180991e-01  1.87508808e-01 -6.92958674e-01  6.26262655e-01
  3.57216362e-01 -7.39065548e-01  5.00175028e-01  4.51230489e-01
  5.72974996e-02  9.98087867e-01 -2.31921744e-02  4.65072414e-01
  7.56560696e-01 -4.59699960e-01  8.10784610e-01  4.56319192e-01
 -3.66607614e-01  7.95414643e-01  5.89272510e-01 -1.41680894e-01
  4.37129773e-01  8.99301646e-01 -1.31956437e-02 -2.15202633e-01
  9.74883206e-01  5.73637812e-02 -8.12933089e-01  5.76157124e-01
  8.47512125e-02 -9.95202599e-01 -6.99453221e-02  6.84064565e-02
 -7.49866042e-01 -6.61567973e-01  5.36127626e-03 -1.40130810e-01
 -9.86111610e-01 -8.91476460e-02  5.39742531e-01 -8.28934743e-01
 -1.46782939e-01  9.11655764e-01 -3.87236071e-01 -1.37593580e-01
  9.92630475e-01  7.05454006e-02 -9.85297110e-02  8.80651970e-01
  4.70646511e-01 -5.42583976e-02  6.21144161e-01  7.83586249e-01
 -1.31348201e-02]