[ 9.56080190e+03  7.37869334e+02  5.25929611e+02 -3.65124121e-01
 -9.25177178e-01 -1.03989966e-01  1.34159126e-01 -9.90345328e-01
 -3.64314408e-02 -9.33067227e-02 -9.94721468e-01 -4.26989091e-02
  6.23644728e-01 -7.78050157e-01 -7.55348492e-02  9.84988886e-01
 -1.59405229e-01 -6.62339647e-02  8.94776616e-01  4.44453567e-01
 -4.28476636e-02  5.45838663e-01  8.37836690e-01 -9.48402780e-03
  9.62172455e-02  9.95184960e-01  1.86855349e-02 -3.41832042e-01
  9.39073658e-01  3.59386900e-02 -6.90730441e-01  7.21031310e-01
  5.48231709e-02 -9.09727167e-01  4.10645770e-01  6.13722683e-02
 -9.95277232e-01  7.95203460e-02  5.56756288e-02 -9.76040574e-01
 -2.14921108e-01  3.39665078e-02 -8.99132403e-01 -4.36113520e-01
 -3.69584755e-02 -7.83069300e-01 -5.79753082e-01 -2.25141834e-01
 -3.17526343e-01 -5.36795980e-01 -7.81682355e-01  7.25631495e-01
  1.91659936e-01 -6.60852043e-01  8.25118652e-01  4.69116266e-01
 -3.14816117e-01  7.52006626e-01  6.39744241e-01 -1.58787471e-01
  6.05934538e-01  7.92888185e-01 -6.45885666e-02  3.99254273e-01
  9.16828013e-01 -4.73511035e-03  1.51004188e-01  9.87810890e-01
  3.77810792e-02]