[ 1.00000000e+04  9.46492256e+02  4.48037255e+02 -8.23826181e-01
  5.03535260e-01 -2.64314732e-01 -3.77525067e-01 -8.89061606e-01
 -2.59940271e-01 -9.37629032e-01 -1.22559378e-01 -3.25316986e-01
 -2.33789882e-01  9.71604809e-01 -3.64304730e-02 -7.24748824e-01
  6.83295469e-01  8.86041710e-02 -9.90259739e-01 -6.88505373e-02
  1.21017653e-01 -4.18876143e-01 -9.02438642e-01  1.00738234e-01
  9.42300793e-01 -3.27441505e-01 -6.96745795e-02  2.77848509e-01
  9.12655519e-01 -2.99780921e-01 -5.56965344e-02  7.79869093e-01
 -6.23461604e-01  8.54362137e-01  4.89516840e-01 -1.74472559e-01
  4.09626855e-01  9.12249652e-01  2.56683473e-03 -2.94853951e-01
  9.52934606e-01  7.05478264e-02 -8.57904950e-01  5.07996266e-01
  7.70642888e-02 -9.87630836e-01 -1.51600050e-01  4.00346384e-02
 -6.93716969e-01 -7.20061561e-01 -1.63762210e-02 -8.59939263e-02
 -9.91100689e-01 -1.01610246e-01  6.07515913e-01 -7.76802467e-01
 -1.65838925e-01  9.66866191e-01 -1.97994954e-01 -1.61146301e-01
  9.35686129e-01  3.35247547e-01 -1.10004165e-01  7.19063034e-01
  6.92394927e-01 -5.94817199e-02  4.24625678e-01  9.05354252e-01
  5.16890552e-03]