[ 1.00000000e+04  9.34312189e+02  4.52595249e+02 -6.65909616e-01
  7.38102345e-01 -1.09294314e-01 -4.37432708e-01 -8.99093067e-01
 -1.72642245e-02 -8.37881869e-01  5.34677123e-01 -1.09883864e-01
 -9.75107233e-01  2.06048989e-01 -8.19491378e-02 -8.26088417e-01
  5.31721585e-01  1.86685971e-01 -6.90831813e-01  6.28799680e-01
  3.56892118e-01 -7.39598285e-01  4.98582684e-01  4.52122177e-01
  5.82285004e-02  9.98027195e-01 -2.35779320e-02  4.64234685e-01
  7.56457233e-01 -4.60717826e-01  8.10629749e-01  4.56489326e-01
 -3.66739925e-01  7.95524161e-01  5.89346600e-01 -1.40755854e-01
  4.37426755e-01  8.99155467e-01 -1.33194756e-02 -2.15449164e-01
  9.74823898e-01  5.74464258e-02 -8.12936314e-01  5.76149850e-01
  8.47697988e-02 -9.95192462e-01 -7.00342028e-02  6.84630917e-02
 -7.49874762e-01 -6.61558931e-01  5.27432822e-03 -1.40288018e-01
 -9.86108855e-01 -8.89313986e-02  5.39811476e-01 -8.28879097e-01
 -1.46843748e-01  9.11539019e-01 -3.87538596e-01 -1.37515523e-01
  9.92645625e-01  7.04932767e-02 -9.84144573e-02  8.80578122e-01
  4.70780272e-01 -5.42968597e-02  6.21140150e-01  7.83588502e-01
 -1.31901883e-02]