With respect to sun
t, X, Y, Z, R
 10000.0, -81436915260.56427, -127543644341.09442, 7924183.770011434, 151325319896.4291
 10023.357804539464, -26777714022.697327, -149508077810.76425, 9096356.91568284, 151887166612.89923
 10046.715609078929, 31406709353.281425, -148304059343.95874, -65173048.54413905, 151593138557.86545
 10070.073413618396, 84754080889.2143, -124360391032.83916, -129421969.97613934, 150495109007.77625
 10093.431218157864, 124080899687.85037, -80783306966.03369, -229722447.49653035, 148061018246.25446
 10116.789022697329, 142953203345.88452, -24000312122.731735, -292109450.7250446, 144954195029.9113
 10140.146827236793, 136164033178.71184, 37234538199.39285, -171776312.50021863, 141163324817.4501
 10163.50463177626, 103693506961.84467, 91296483304.59326, -19311295.717775196, 138157126572.4579
 10186.862436315729, 49961127607.33665, 127381258667.7609, 391790587.53989106, 136829283530.40541
 10210.220240855193, -14078346435.447334, 137168772808.03134, 721977561.3148696, 137891237298.15768
 10233.578045394657, -75937556894.15746, 119668692003.55937, 1236627401.6626396, 141734391169.63354
 10256.935849934125, -123810423566.66522, 79755552722.62082, 1521917525.9914546, 147283011263.36237
 10280.293654473593, -151120386500.67133, 27129601231.896385, 1537345239.0304909, 153543967349.7398
 10303.651459013057, -156127335668.15234, -29668328452.385067, 1325118156.9775178, 158926745999.92435
 10327.009263552522, -139872097241.2009, -82013811146.8789, 576205810.7114592, 162144382630.49442
 10350.36706809199, -105985481487.67671, -124074104143.9339, -245922836.5572207, 163178938847.31558
 10373.724872631457, -58339598480.60487, -150405232594.03336, -1329556062.5246828, 161328889111.24026
 10397.082677170922, -3299063848.781296, -157500056837.3288, -2242161661.0744123, 157550560186.10193
 10420.440481710386, 52724521687.034515, -142505342035.14105, -2960952129.1271076, 151975047074.14996
 10443.79828624985, 100560816036.57434, -105879737431.08435, -3227216571.9073668, 146059616072.4076
 10467.156090789314, 131416233142.2043, -50544397529.15972, -2952247832.885746, 140832092301.92776
 10490.513895328782, 137280990958.66579, 14212941077.3974, -2118601051.6527057, 138031035072.11307
 10513.87169986825, 115390351473.91737, 76912875496.87477, -810143011.6106063, 138676529961.53027
 10537.229504407715, 70587089464.33255, 124487002777.40822, 661370666.516026, 143108310278.28766
 10560.587308947179, 12076042020.184906, 150203520494.54095, 2095659647.3177488, 150702754285.33035
 10583.945113486647, -48590418762.087456, 152566958305.58173, 3209056622.3463473, 160149941013.0942
 10607.302918026115, -104094590951.68225, 134932576224.31793, 3972225312.4914107, 170464842609.44427
 10630.660722565579, -148463508089.15796, 102564794220.53772, 4305948124.052957, 180497898704.90945
 10654.018527105043, -180070961170.57083, 60069211778.254234, 4251113433.1430745, 189873466355.82193
 10677.376331644511, -197544783322.99426, 12760372628.018402, 3861124982.115421, 197994133281.4236
 10700.734136183979, -201456191439.37955, -36496692411.435135, 3112218630.0125065, 204759106100.40237
 10724.091940723443, -192713901888.39285, -83507031834.94449, 2167068791.8672104, 210039921286.59784
 10747.449745262908, -172180752544.31888, -126554331689.96725, 941269477.7239132, 213689251962.87228
 10770.807549802375, -142127185146.64963, -162626717676.07788, -337009901.03040123, 215980785338.5994
 10794.165354341843, -103469585987.99991, -190420383092.0857, -1746982168.2790272, 216723163201.72394
 10817.523158881308, -59334523606.34488, -208136470193.13687, -3064532859.642375, 216450380636.529
 10840.880963420772, -10933645193.62024, -214707424115.629, -4329837316.618654, 215029230707.77365
 10864.23876796024, 38049013258.49719, -209651729586.33414, -5360437056.317827, 213143870223.66232
 10887.596572499708, 85929093613.75684, -192389280165.10107, -6155983001.790594, 210796917383.64172
 10910.954377039172, 128861828736.44174, -164087888195.85583, -6597900396.143187, 208743235213.7744
 10934.312181578636, 164917472544.96085, -125144401312.50679, -6665601162.205433, 207131176237.03406
With respect to Earth
 10000.0, 0.0, 0.0, 0.0, 0.0
 10023.357804539464, -1749172.8291893005, 1596378.4918823242, -214163.20710514858, 2377792.201811619
 10046.715609078929, -569537461.3926315, 393010807.91430664, -74454452.01756114, 695969741.0751811
 10070.073413618396, -1122107167.9954834, 957694851.89151, -137262208.20149326, 1481602119.1962082
 10093.431218157864, -2609149806.9685974, 2078439316.1033173, -234918476.13474765, 3344063306.2724404
 10116.789022697329, -5045947154.314911, 3672755716.9341774, -293848750.35351235, 6247964814.921395
 10140.146827236793, -10003217784.831985, 5420649421.03685, -169772157.98594075, 11378779758.049335
 10163.50463177626, -17361353168.465134, 5095179860.618988, -13868483.676497417, 18093579910.76037
 10186.862436315729, -26339220541.60711, 816519552.9378357, 399800264.83440566, 26354906244.786934
 10210.220240855193, -33050025201.275005, -8856473529.335114, 731239902.2012471, 34223909785.050827
 10233.578045394657, -34427826589.0015, -21457784229.168564, 1245599408.1523402, 40586491170.75167
 10256.935849934125, -28761683192.00255, -32861975552.954697, 1529093371.779173, 43697619887.35465
 10280.293654473593, -18339593041.65483, -38226195865.03165, 1541519071.4918602, 42425923729.40217
 10303.651459013057, -7429985268.284271, -36995823606.760284, 1325587173.3505476, 37757818088.22637
 10327.009263552522, 720948157.928009, -30098064912.51503, 572875299.3554888, 30112148110.571583
 10350.36706809199, 4216497565.139496, -21111548785.05443, -252542993.43071756, 21529981927.165928
 10373.724872631457, 4310405391.216003, -12393297340.824005, -1338449723.5114386, 13189573961.165962
 10397.082677170922, 2177001897.266285, -5591184049.039276, -2251972809.3470545, 6408748541.2497425
 10420.440481710386, 186530863.40670776, 207567243.41342163, -2970189971.689575, 2983271089.1682
 10443.79828624985, -2011551961.1038208, 5971997944.785599, -3234472925.848087, 7083284256.105237
 10467.156090789314, -5512935734.551697, 13371847825.021065, -2956403619.7548184, 14762760481.418001
 10490.513895328782, -12815856914.045425, 20329222941.153404, -2118999611.5858443, 24124959133.360306
 10513.87169986825, -24252398545.313583, 24296624434.865433, -806706735.5524142, 34338834719.40791
 10537.229504407715, -36206700954.42912, 21610397617.42621, 668104225.0921453, 42170852996.38016
 10560.587308947179, -44433818520.55199, 13901406114.997559, 2104600694.0928953, 46605178514.54939
 10583.945113486647, -45464038662.623474, 5448545413.272339, 3218728447.876472, 45902349302.167336
 10607.302918026115, -41861527053.40677, 1586814223.229721, 3981010968.4062853, 42080326459.67379
 10630.660722565579, -37518518610.578156, 5281188872.340378, 4312371836.493524, 38133013852.74725
 10654.018527105043, -38796414717.32172, 14992863193.67826, 4254096373.3234973, 41809629005.96337
 10677.376331644511, -49019458996.51102, 27284826764.48784, 3860161723.4037485, 56234064235.20861
 10700.734136183979, -69511106407.2698, 35330054579.90294, 3107444716.2187624, 78036292090.57835
 10724.091940723443, -98124560391.19193, 34346564970.244537, 2159218705.9200187, 103984508955.13184
 10747.449745262908, -129594332091.70384, 19114384648.011627, 931545610.609577, 130999688503.41443
 10770.807549802375, -158061781092.5633, -11386637899.151001, -347127529.7054162, 158471772446.45703
 10794.165354341843, -175509634239.96942, -56570001059.719086, -1755955806.2382677, 184409544524.51187
 10817.523158881308, -176521278574.63318, -112020828578.79443, -3070990562.69684, 209088160372.93713
 10840.880963420772, -155286989896.8247, -171050164388.27185, -4332776817.113699, 231064884661.0369
 10864.23876796024, -111005058516.5015, -225219641937.30457, -5359386598.769178, 251146835845.7551
 10887.596572499708, -44209045376.04027, -264684366911.1272, -6151094385.13426, 268421477796.28183
 10910.954377039172, 38651481988.82077, -281401847769.3937, -6589950636.805056, 284120334431.3051
 10934.312181578636, 129445158919.83675, -268174967391.13617, -6655888053.280024, 297855943618.3816