[ 1.00000000e+04  9.34312182e+02  4.52595252e+02 -6.67440601e-01
  7.38755039e-01 -9.79210154e-02 -4.45393216e-01 -8.95316212e-01
 -6.63905423e-03 -8.38035322e-01  5.34461905e-01 -1.09760151e-01
 -9.74999499e-01  2.06548003e-01 -8.19389121e-02 -8.25981417e-01
  5.31639174e-01  1.87388634e-01 -6.92758728e-01  6.26637594e-01
  3.56957953e-01 -7.40080131e-01  4.99887287e-01  4.49882541e-01
  5.94051035e-02  9.97994392e-01 -2.19589952e-02  4.65572298e-01
  7.55100021e-01 -4.61592056e-01  8.10490093e-01  4.57111775e-01
 -3.66271558e-01  7.95322824e-01  5.89388401e-01 -1.41714489e-01
  4.37054200e-01  8.99337697e-01 -1.32414002e-02 -2.15223067e-01
  9.74880038e-01  5.73406561e-02 -8.12892731e-01  5.76203010e-01
  8.48265729e-02 -9.95205162e-01 -6.97583731e-02  6.85603828e-02
 -7.50038809e-01 -6.61372174e-01  5.35211087e-03 -1.40092042e-01
 -9.86136018e-01 -8.89380430e-02  5.39981879e-01 -8.28784367e-01
 -1.46751662e-01  9.11659451e-01 -3.87201117e-01 -1.37668854e-01
  9.92622577e-01  7.07273233e-02 -9.84787616e-02  8.80617767e-01
  4.70706794e-01 -5.42909268e-02  6.21077868e-01  7.83638291e-01
 -1.31648941e-02]