[ 1.00000000e+04  9.34327986e+02  4.52589339e+02  2.74710045e-01
  8.77521503e-01 -3.93052807e-01 -4.89233986e-01 -8.56394852e-01
  1.65039316e-01 -8.38559136e-01  5.33496966e-01 -1.10451677e-01
 -9.74493868e-01  2.09749877e-01 -7.97928888e-02 -8.25793653e-01
  5.29386498e-01  1.94460643e-01 -6.95403830e-01  6.22854516e-01
  3.58421674e-01 -7.38013333e-01  4.99839845e-01  4.53317324e-01
  5.43005276e-02  9.98347977e-01 -1.87938100e-02  4.69523741e-01
  7.53783382e-01 -4.59737006e-01  8.09102863e-01  4.60186484e-01
 -3.65487641e-01  7.95598770e-01  5.89450352e-01 -1.39897589e-01
  4.37914307e-01  8.98932435e-01 -1.23254772e-02 -2.15724458e-01
  9.74785163e-01  5.70706610e-02 -8.12697517e-01  5.76333602e-01
  8.58061781e-02 -9.95215095e-01 -7.01313462e-02  6.80342201e-02
 -7.49513718e-01 -6.61973264e-01  4.54684178e-03 -1.40043160e-01
 -9.86217392e-01 -8.81177207e-02  5.40280310e-01 -8.28882603e-01
 -1.45089660e-01  9.12121135e-01 -3.86106819e-01 -1.37683769e-01
  9.92603632e-01  7.15251616e-02 -9.80927801e-02  8.79853258e-01
  4.72106336e-01 -5.45336857e-02  6.20468694e-01  7.84110420e-01
 -1.37647284e-02]