[ 9.64264957e+03  5.81559936e+02  3.84547398e+02  9.53224929e-01
 -3.00224055e-01 -3.51392059e-02 -5.72623838e-01 -8.18850324e-01
  3.99709579e-02  9.98171040e-01 -3.45867119e-02 -4.95984421e-02
  9.00221649e-01  4.33931431e-01 -3.61181272e-02  6.29286335e-01
  7.76893230e-01 -2.08884709e-02  2.62630702e-01  9.64889385e-01
 -3.73978579e-03 -1.28244985e-01  9.91671338e-01  1.18925484e-02
 -4.78049553e-01  8.77935459e-01  2.64279342e-02 -7.44215041e-01
  6.66794755e-01  3.91020891e-02 -9.10631668e-01  4.10251765e-01
  4.94363387e-02 -9.86450095e-01  1.54112762e-01  5.62652147e-02
 -9.96017136e-01 -6.77740646e-02  5.79359436e-02 -9.69382384e-01
 -2.41271561e-01  4.56758684e-02 -9.30488979e-01 -3.66284095e-01
  5.20774563e-03 -8.75445896e-01 -4.65174756e-01 -1.31174510e-01
 -3.91032686e-01 -5.57876383e-01 -6.56661066e-01  8.38604057e-01
  1.10301151e-01 -5.33458691e-01  9.09862050e-01  2.91595618e-01
 -2.95169732e-01  8.93200610e-01  4.04120526e-01 -1.97181000e-01
  8.43125046e-01  5.20712390e-01 -1.34160716e-01  7.57328118e-01
  6.46900946e-01 -8.92946410e-02  6.33430466e-01  7.71979864e-01
 -5.30403266e-02]