[ 9.56073246e+03  7.37865052e+02  5.25931206e+02 -4.43672647e-01
 -8.95991084e-01 -1.96945460e-02 -1.84912889e-02 -9.98183722e-01
 -5.79396488e-02 -1.00108865e-01 -9.94230525e-01 -3.85264816e-02
  6.23278481e-01 -7.78597557e-01 -7.28690091e-02  9.84800342e-01
 -1.59560644e-01 -6.86212545e-02  8.95235607e-01  4.43877021e-01
 -3.90691598e-02  5.45153810e-01  8.38304401e-01 -7.29502689e-03
  9.57719939e-02  9.95208085e-01  1.97129162e-02 -3.41854644e-01
  9.38884711e-01  4.03845470e-02 -6.90442684e-01  7.21367299e-01
  5.40197887e-02 -9.09285260e-01  4.11766058e-01  6.04076017e-02
 -9.95177863e-01  8.03841023e-02  5.62097382e-02 -9.76372735e-01
 -2.13622664e-01  3.25857117e-02 -8.99491621e-01 -4.35534498e-01
 -3.49939760e-02 -7.85286115e-01 -5.77705537e-01 -2.22670322e-01
 -3.05108889e-01 -5.39023762e-01 -7.85087907e-01  7.26260319e-01
  1.95218100e-01 -6.59117487e-01  8.24136996e-01  4.69657476e-01
 -3.16575629e-01  7.52626548e-01  6.39207333e-01 -1.58010537e-01
  6.05542188e-01  7.93015921e-01 -6.66668784e-02  3.97537461e-01
  9.17565150e-01 -6.18243543e-03  1.48222961e-01  9.88228430e-01
  3.78760786e-02]