[ 1.00000000e+04  9.79628597e+02  4.35628994e+02 -6.93827958e-01
  7.13251500e-01 -9.95281963e-02 -2.87690537e-01 -9.57398737e-01
 -2.54637990e-02 -3.98429591e-01  9.04729753e-01 -1.50725039e-01
 -3.13468860e-01  9.49591469e-01  3.66184314e-03 -7.78628504e-01
  6.23864915e-01  6.73069310e-02 -9.79918062e-01 -1.75536316e-01
  9.45923610e-02 -1.04686674e-01 -9.92309044e-01  6.60566040e-02
  4.50881134e-01  8.89217146e-01 -7.74544155e-02 -5.81646132e-01
  8.02131173e-01 -1.35179003e-01 -8.39527363e-01 -1.80481329e-01
 -5.12465008e-01  8.63847094e-01  4.95966587e-01 -8.82351009e-02
  2.73993862e-01  9.61541791e-01  1.90983984e-02 -4.88116510e-01
  8.70330769e-01  6.53194199e-02 -9.52068596e-01  3.02217464e-01
  4.72229252e-02 -9.55289822e-01 -2.95661455e-01 -2.38801667e-03
 -7.01572125e-01 -7.07634254e-01 -8.39667034e-02 -2.65971060e-01
 -9.44517240e-01 -1.92734748e-01  3.84539288e-01 -8.76237638e-01
 -2.90408830e-01  8.68862339e-01 -4.48739598e-01 -2.09071854e-01
  9.91993202e-01 -6.74528896e-02 -1.06768939e-01  9.65788999e-01
  2.53871255e-01 -5.29244571e-02  8.12797760e-01  5.82428675e-01
 -1.16895710e-02]