[ 9.73331466e+03  1.30254772e+03  1.39632863e+03 -4.28637236e-01
 -9.03441584e-01  8.35191569e-03  6.61422493e-01 -7.43108214e-01
 -1.01667126e-01  3.84049988e-01 -9.22719868e-01  3.30704612e-02
  9.08988463e-01  4.09780131e-01  7.62905749e-02 -2.89023795e-01
  9.57022991e-01  2.39215447e-02 -9.85754698e-01 -8.70553781e-02
 -1.43907004e-01  6.17485062e-01 -7.06462991e-01 -3.45868613e-01
  2.18961386e-01  9.71289171e-01  9.30229692e-02 -8.63102712e-01
  4.59109069e-01  2.10410499e-01 -6.65998870e-01 -7.31662012e-01
  1.45315580e-01  8.26558993e-01 -2.99660748e-01 -4.76449113e-01
  7.56975937e-01  4.07255562e-01 -5.11009977e-01  6.08133593e-01
  7.87410161e-01 -1.00790862e-01 -1.45256964e-01  9.84085142e-01
  1.02356593e-01 -8.44532276e-01  5.13979307e-01  1.50305988e-01
 -9.37721665e-01 -3.32979197e-01  9.90100163e-02 -3.10679146e-01
 -9.48697751e-01 -5.87464085e-02  5.80706786e-01 -7.96846856e-01
 -1.66777568e-01  9.90387767e-01 -5.86398993e-02 -1.25273475e-01
  7.66528759e-01  6.39618531e-01 -5.76350994e-02  1.69866141e-01
  9.85271652e-01  1.96282017e-02 -4.95222228e-01  8.65737353e-01
  7.24830763e-02]