[ 9.49700000e+03  9.00176557e+02  6.65922437e+02 -9.98824110e-01
 -3.99399366e-02  2.74809323e-02 -5.51155981e-01 -7.88983650e-01
 -2.71537015e-01 -9.80494018e-01 -1.94729626e-01  2.66807950e-02
 -8.71742139e-01 -4.89664654e-01  1.71521180e-02 -6.71013516e-01
 -7.41433146e-01  4.21523960e-03 -3.94904647e-01 -9.18649947e-01
 -1.15172264e-02 -7.05304956e-02 -9.97108024e-01 -2.83030672e-02
  2.62664248e-01 -9.63916346e-01 -4.32766233e-02  5.60489815e-01
 -8.26421585e-01 -5.36532899e-02  7.91208520e-01 -6.08770726e-01
 -5.82010823e-02  9.37496862e-01 -3.43190971e-01 -5.76163154e-02
  9.96694652e-01 -6.20589301e-02 -5.24259928e-02  9.76966318e-01
  2.09046902e-01 -4.28512028e-02  8.91030274e-01  4.52897201e-01
 -3.08100137e-02  7.53196865e-01  6.57531807e-01 -1.86120615e-02
  5.78213927e-01  8.15869574e-01 -5.05143641e-03  3.77400721e-01
  9.26007325e-01  8.89771017e-03  1.64183452e-01  9.86168467e-01
  2.27059233e-02 -5.13594130e-02  9.98074025e-01  3.47917335e-02
 -2.59366393e-01  9.64642183e-01  4.68461831e-02 -4.50930850e-01
  8.90678970e-01  5.78994693e-02 -6.19030752e-01  7.82427353e-01
  6.78862781e-02 -7.58812663e-01  6.46921661e-01  7.54701094e-02
 -8.66455883e-01  4.92781823e-01  8.01267375e-02 -9.41028470e-01
  3.28172922e-01  8.22677820e-02 -9.83841188e-01  1.60475259e-01
  7.93992884e-02 -9.97518019e-01 -2.85710196e-03  7.03543803e-02
 -9.86485219e-01 -1.56053147e-01  4.99439171e-02 -9.54816298e-01
 -2.96895052e-01  1.33881755e-02 -9.04266713e-01 -4.24298942e-01
 -4.76668168e-02 -8.23637255e-01 -5.46573470e-01 -1.51258761e-01
 -6.86239726e-01 -6.53403876e-01 -3.19591248e-01 -4.18100852e-01
 -7.19513666e-01 -5.54520068e-01  4.64550719e-02 -6.46924664e-01
 -7.61137896e-01  4.92305278e-01 -4.02692744e-01 -7.71669787e-01
  7.40281191e-01 -1.51839925e-01 -6.54926373e-01  8.51151080e-01
  4.47758899e-02 -5.23007661e-01  8.89497158e-01  2.01912547e-01
 -4.09910266e-01  8.87297203e-01  3.35113549e-01 -3.16863670e-01
  8.58526753e-01  4.53689653e-01 -2.38950862e-01  8.09581756e-01
  5.60204857e-01 -1.75351011e-01  7.45321599e-01  6.56000028e-01
 -1.18994639e-01  6.69331098e-01  7.39718092e-01 -6.93766078e-02
  5.86207542e-01  8.09776203e-01 -2.49661998e-02  4.99841221e-01
  8.65957324e-01  1.66338091e-02  4.16786071e-01  9.07207272e-01
  5.71357897e-02  3.43671843e-01  9.34024736e-01  9.74035813e-02
  2.91256115e-01  9.46724203e-01  1.37416814e-01  2.69146090e-01
  9.46412475e-01  1.78504464e-01  2.90503774e-01  9.31876280e-01
  2.17288379e-01  3.59983379e-01  8.98690223e-01  2.50535458e-01
  4.67948764e-01  8.43312610e-01  2.64287407e-01]