With respect to sun
t, X, Y, Z, R
 9642.66823248013, -63899636035.14427, -137422337724.22757, 8234148.2931496855, 151552177347.66058
 9657.206676973863, -29001548284.900845, -149078529417.53772, 8852986.703056391, 151873295264.811
 9671.745121467597, 7977271262.482037, -151877380067.73865, -8104688.853520235, 152086736761.36765
 9686.28356596133, 44485234987.360054, -145680669109.7577, -24583075.161388863, 152321351387.37097
 9700.822010455064, 78696450559.20288, -130737458095.5125, -53013289.31788581, 152595599839.25418
 9715.360454948797, 108296117095.5953, -108128143649.98784, -78337341.66362321, 153035128529.0877
 9729.89889944253, 131834271764.39444, -78945468400.8441, -106477552.97823782, 153664158248.2596
 9744.437343936268, 147806767058.96915, -45226001020.670715, -128508595.82253292, 154571174774.61725
 9758.975788430005, 155542258513.3008, -8587489538.972412, -144539303.6858131, 155779202885.40048
 9773.514232923739, 154706325990.5297, 28533369847.43926, -152607099.9060201, 157315681943.23712
 9788.052677417472, 145540242011.4234, 64516269250.00809, -148419756.1587176, 159199036024.4284
 9802.591121911206, 128851489572.03804, 97177859367.69028, -136562634.6670112, 161388541617.96246
 9817.12956640494, 105579663439.86163, 125373335247.54852, -107461995.2613568, 163907138560.98236
 9831.668010898673, 77297523476.36049, 147640660978.1888, -73259632.65759677, 166651364460.7471
 9846.206455392406, 45224774571.26454, 163527708863.85236, -20523484.45583711, 169666119842.7546
 9860.74489988614, 11206760078.888256, 172432464779.61703, 33110378.71280153, 172796260022.42297
 9875.283344379874, -23647069295.578537, 174532260691.9849, 105665215.76664236, 176126957259.991
 9889.821788873607, -57609718538.187836, 169961364393.7579, 174207509.88645673, 179459676264.31705
 9904.36023336734, -89911926739.00653, 159313247928.2319, 260370644.60237432, 182934232248.19168
 9918.898677861074, -119155870584.63748, 143224368172.201, 337675153.3879459, 186310104818.86987
 9933.437122354808, -144982691660.3237, 122476793895.00665, 428369793.8470906, 189791278578.73953
 9947.975566848545, -166384036238.646, 97979000812.41588, 505992669.76381844, 193090103692.14758
 9962.514011342282, -183392782303.09668, 70525540834.93846, 588697391.4477031, 196486923421.2554
 9977.052455836016, -195351095632.07635, 41122028736.03552, 655196539.745913, 199633416778.16782
 9991.59090032975, -202605008043.73007, 10467447174.649128, 706050360.7467433, 202876453147.88483
 10006.129344823483, -204786524239.91733, -20455147666.517372, 739232489.5416781, 205806899886.76007
 10020.667789317216, -202467623008.05893, -51108689804.83368, 697491638.3101609, 208819833911.163
 10035.20623381095, -195497955552.97803, -80593130071.21246, 639723832.2867472, 211459481902.9195
 10049.744678304683, -184395433521.87445, -108562502951.47398, 252113787.52249706, 213980271315.30298
 10064.283122798417, -169355085500.54468, -134217497301.84215, -140923511.3254174, 216091419140.84152
 10078.82156729215, -150390715333.8288, -157040564609.3815, -789934336.7687976, 217439026367.6474
 10093.360011785884, -128365682463.52835, -176669935135.67325, -1422909275.6644783, 218385070657.26163
 10107.898456279618, -103305699249.96887, -192603688657.51517, -2174799779.1433287, 218570304790.2103
 10122.436900773355, -76176658431.08391, -204679923346.6643, -2883133196.638916, 218414895938.78885
 10136.975345267092, -47059923493.584595, -212438429731.85553, -3634222541.7280846, 217618773086.42596
 10151.513789760826, -16989628811.918005, -215886435928.84583, -4311545038.541471, 216596837755.87717
 10166.05223425456, 13872429364.492764, -214615279496.68698, -4970756694.325317, 215120596206.00742
 10180.590678748293, 44440897129.7183, -208837467123.08878, -5525537709.882065, 213585141288.11658
 10195.129123242026, 74462416971.46417, -198227731780.66724, -6010001937.154213, 211837214179.7209
 10209.66756773576, 102844361024.9043, -183261144486.96912, -6362301915.670172, 210242927488.56207
 10224.206012229493, 129262922963.4783, -163744517095.4392, -6600969832.473863, 208721687743.77505
With respect to Earth
 9642.66823248013, 0.0, 0.0, -1.862645149230957e-09, 1.862645149230957e-09
 9657.206676973863, 896227.1794395447, -334449.1503601074, -92972.16736322828, 961105.2050878592
 9671.745121467597, 355256762.3398285, -12228998.013397217, -17231547.86491606, 355884590.5942121
 9686.28356596133, 689816154.6266098, -31351016.423217773, -33349472.313555643, 691333060.62867
 9700.822010455064, 1322373004.4285889, 67745400.64207458, -60898008.10150173, 1325506834.9655457
 9715.360454948797, 1938567171.8411255, 67180218.52076721, -84868906.06291051, 1941586617.3614075
 9729.89889944253, 2841890733.9995575, 184997890.42481995, -111261639.40944101, 2850078299.9521704
 9744.437343936268, 3937718632.023773, 84178774.29225159, -131252043.53231168, 3940804637.3754597
 9758.975788430005, 5533250029.832092, 155058338.3955803, -145069435.138423, 5537322829.847853
 9773.514232923739, 7769278042.130646, 175963759.49191666, -150885010.28166106, 7772735093.061876
 9788.052677417472, 10807841836.125443, 826344515.5478058, -144546263.60010076, 10840349811.486715
 9802.591121911206, 14800626446.656586, 2167891093.905792, -130775774.92631371, 14959124216.07007
 9817.12956640494, 19469503777.60634, 5096406969.491318, -100125359.51910731, 20125728966.4878
 9831.668010898673, 24664863587.93277, 9837049994.609497, -64841512.343315095, 26554232295.99194
 9846.206455392406, 29481115364.888916, 17137568302.676514, -11567665.233597975, 34100330559.94723
 9860.74489988614, 33377401603.681065, 27005468354.74704, 42020354.96901022, 42934229055.41553
 9875.283344379874, 34987510462.748215, 39579319013.04422, 113945608.83920172, 52826710720.23142
 9889.821788873607, 33657515639.20987, 54302921532.38809, 181314440.755645, 63887937209.48252
 9904.36023336734, 28047705287.899933, 70480686056.53981, 265837179.92717856, 75856914967.08554
 9918.898677861074, 17870035530.64685, 86964885414.2498, 341142282.39052933, 88782576235.63878
 9933.437122354808, 2331043604.959778, 102399082579.64047, 429608938.02418673, 102426512394.39856
 9947.975566848545, -18117837130.556366, 115360104118.31952, 504918389.9321716, 116775273868.48373
 9962.514011342282, -43458309437.89197, 124281974743.56516, 585370014.0714206, 131662358187.19452
 9977.052455836016, -72404289457.00165, 127933658440.88174, 649815327.4252135, 147002803897.75302
 9991.59090032975, -104162091028.34456, 125032460399.24153, 698938488.8729515, 162737045186.08008
 10006.129344823483, -136802405667.81242, 114938806040.37854, 730815438.3456738, 178679493567.93408
 10020.667789317216, -169018925754.11264, 97001869069.46399, 688270711.0966045, 194877483518.78784
 10035.20623381095, -198577852107.23114, 71417159539.69382, 630246447.1824316, 211030735284.75333
 10049.744678304683, -223822211029.98898, 38333533632.170364, 242942048.5849263, 227081265127.53232
 10064.283122798417, -242793098847.1206, -1137251026.2902985, -149244604.13043436, 242795808163.23074
 10078.82156729215, -253480462874.41696, -45673623728.39697, -796907780.8853518, 257563700908.1891
 10093.360011785884, -254958306103.3976, -93655562599.6176, -1428114838.499334, 271619479730.29593
 10107.898456279618, -245795406561.6864, -142925687117.67636, -2177919394.1108904, 284337611401.9598
 10122.436900773355, -225921634701.43707, -191347046320.87622, -2883971656.615492, 296078696387.31067
 10136.975345267092, -194877728706.17593, -236263750031.04117, -3632722104.237654, 306285953635.31586
 10151.513789760826, -153706735126.1551, -275386492156.10443, -4307792576.173916, 315407732248.3796
 10166.05223425456, -103155032779.01205, -306046840361.1865, -4964982199.053223, 323001981930.36145
 10180.590678748293, -45458504190.37011, -326383254951.44653, -5518103359.708354, 329579966291.36194
 10195.129123242026, 17464829350.02265, -334331938820.73206, -6001381591.907441, 334841577706.3339
 10209.66756773576, 82439863410.04465, -329101563117.0753, -6353051796.999402, 339329531859.9672
 10224.206012229493, 146779996870.2003, -309812352309.1562, -6591692151.947519, 342887024440.9589