[ 9.64266823e+03  5.81537780e+02  3.84490858e+02  9.48213866e-01
 -3.11131909e-01 -6.39756193e-02 -5.70458615e-01 -8.20158740e-01
  4.38330969e-02  9.98283802e-01 -3.33323914e-02 -4.81498853e-02
  8.99937531e-01  4.34431957e-01 -3.71663785e-02  6.28638425e-01
  7.77438964e-01 -2.00596543e-02  2.63064468e-01  9.64772522e-01
 -3.32678406e-03 -1.28204739e-01  9.91689878e-01  1.07123968e-02
 -4.78183903e-01  8.77848446e-01  2.68751768e-02 -7.44054592e-01
  6.67020954e-01  3.82859574e-02 -9.10519801e-01  4.10447515e-01
  4.98651423e-02 -9.86341731e-01  1.54304257e-01  5.76211685e-02
 -9.96032794e-01 -6.80919271e-02  5.72901826e-02 -9.69453968e-01
 -2.41187832e-01  4.45813961e-02 -9.31226703e-01 -3.64424572e-01
  3.40434562e-03 -8.76760476e-01 -4.64866817e-01 -1.23247450e-01
 -3.99359128e-01 -5.52592798e-01 -6.64528837e-01  8.40840537e-01
  1.02052410e-01 -5.31578391e-01  9.09967417e-01  2.91102656e-01
 -2.95327907e-01  8.94097999e-01  4.02486264e-01 -1.96452481e-01
  8.43278789e-01  5.20411686e-01 -1.34359879e-01  7.57413426e-01
  6.46787204e-01 -8.93936188e-02  6.33841326e-01  7.71639640e-01
 -5.30797930e-02]