 run, tof, wet mass
 0, 737.8649729467922, 646.4723468362945
 1, 934.3126866101562, 751.223395120869
 2, 737.8655057576202, 646.4725908735752
 3, 737.8651131950742, 646.4724110609941
 4, 934.4918497929616, 751.3346771631849
 5, 934.3141955714426, 751.2243322376947
 6, 1003.0438810276895, 796.5265566449563
 7, 737.8699249231436, 646.4746148664135
 8, 934.3121897718605, 751.2230865690454
 9, 934.3160157731537, 751.2254625531326
 10, 737.864867820557, 646.4722987330713
 11, 737.866651324837, 646.4731155569856
 12, 934.4210097435737, 751.2906728992992
 13, 737.8693337487663, 646.4743441037283
 14, 737.865034940963, 646.4723751999232
 15, 737.8661886958477, 646.4729036306562
 16, 737.8649877100687, 646.4723536970628
 17, 934.3124806298125, 751.2232673003688
 18, 737.8649973938598, 646.4723581226311
 19, 934.3129455052582, 751.2235558526205
 mean 829.7182416441717, 695.8848359511254
 std 102.5738148669729, 55.454773689387004