[ 1.00000000e+04  9.34312433e+02  4.52595158e+02 -5.99197467e-01
  8.00562330e-01 -7.95792720e-03 -4.48048469e-01 -8.93947821e-01
 -1.09028568e-02 -8.38339298e-01  5.34004973e-01 -1.09666122e-01
 -9.75186568e-01  2.06428545e-01 -8.00081477e-02 -8.24514794e-01
  5.33471754e-01  1.88645854e-01 -6.94369624e-01  6.24550149e-01
  3.57477619e-01 -7.38630958e-01  5.00207225e-01  4.51905211e-01
  5.81861584e-02  9.98008330e-01 -2.43864546e-02  4.66205081e-01
  7.56109654e-01 -4.59296470e-01  8.10242281e-01  4.56676843e-01
 -3.67361700e-01  7.95892135e-01  5.88263522e-01 -1.43196992e-01
  4.36714007e-01  8.99497393e-01 -1.36283685e-02 -2.15829681e-01
  9.74731263e-01  5.75942092e-02 -8.13154000e-01  5.75897821e-01
  8.43953393e-02 -9.95193365e-01 -6.97637740e-02  6.87263705e-02
 -7.50365144e-01 -6.60999351e-01  5.72616924e-03 -1.39262221e-01
 -9.86304697e-01 -8.83754681e-02  5.39534485e-01 -8.29097064e-01
 -1.46631478e-01  9.11574562e-01 -3.87663061e-01 -1.36930187e-01
  9.92610997e-01  7.08574810e-02 -9.85029143e-02  8.80524289e-01
  4.70894046e-01 -5.41835352e-02  6.20683092e-01  7.83952923e-01
 -1.30638792e-02]