[ 9.56074490e+03  7.37865035e+02  5.25931212e+02 -4.32939315e-01
 -9.01760167e-01  3.54344779e-03 -5.73213440e-02 -9.98483380e-01
 -4.05344460e-02 -9.93785583e-02 -9.94287924e-01 -3.89460869e-02
  6.23520303e-01 -7.78315744e-01 -7.38206557e-02  9.84532808e-01
 -1.61251558e-01 -6.85304938e-02  8.95173332e-01  4.43927367e-01
 -3.99220606e-02  5.45766712e-01  8.37903228e-01 -7.56801809e-03
  9.47165530e-02  9.95290275e-01  2.06787633e-02 -3.41452728e-01
  9.39048341e-01  3.99810909e-02 -6.90323252e-01  7.21414760e-01
  5.49118715e-02 -9.09246059e-01  4.11813176e-01  6.06759022e-02
 -9.95168619e-01  8.07065819e-02  5.59134934e-02 -9.76297863e-01
 -2.14083642e-01  3.17981048e-02 -8.99180045e-01 -4.36127818e-01
 -3.56149392e-02 -7.84580771e-01 -5.78842180e-01 -2.22204997e-01
 -3.06268736e-01 -5.39116160e-01 -7.84575044e-01  7.26293191e-01
  1.97418537e-01 -6.58429062e-01  8.24192305e-01  4.69874346e-01
 -3.16109626e-01  7.52413248e-01  6.39327216e-01 -1.58542187e-01
  6.05587191e-01  7.93012220e-01 -6.63013716e-02  3.97681229e-01
  9.17502467e-01 -6.23568121e-03  1.48657867e-01  9.88185051e-01
  3.73009574e-02]