[ 1.00000000e+04  9.34312725e+02  4.52595049e+02 -6.07424679e-01
  7.64177041e-01 -2.16970903e-01 -4.46698411e-01 -8.91302177e-01
  7.77580184e-02 -8.38086880e-01  5.34397616e-01 -1.09679771e-01
 -9.75067319e-01  2.06397520e-01 -8.15105644e-02 -8.25703642e-01
  5.31974390e-01  1.87666782e-01 -6.93285554e-01  6.26277385e-01
  3.56556054e-01 -7.38611917e-01  5.01471933e-01  4.50531504e-01
  5.71546078e-02  9.98140338e-01 -2.12102771e-02  4.66254876e-01
  7.55130841e-01 -4.60851270e-01  8.10220177e-01  4.57141410e-01
 -3.66831061e-01  7.95276373e-01  5.89480740e-01 -1.41590800e-01
  4.37002762e-01  8.99364789e-01 -1.30985088e-02 -2.15174918e-01
  9.74887839e-01  5.73886602e-02 -8.12957668e-01  5.76128024e-01
  8.47132226e-02 -9.95209691e-01 -6.99059475e-02  6.83434902e-02
 -7.49915450e-01 -6.61512578e-01  5.28536951e-03 -1.40114376e-01
 -9.86113881e-01 -8.91481157e-02  5.39743752e-01 -8.28922514e-01
 -1.46847391e-01  9.11659320e-01 -3.87214216e-01 -1.37631523e-01
  9.92634286e-01  7.05361750e-02 -9.84978313e-02  8.80650540e-01
  4.70657869e-01 -5.41830141e-02  6.21133396e-01  7.83595823e-01
 -1.30725597e-02]