[ 1.00000000e+04  9.34322630e+02  4.52591343e+02 -6.88368800e-01
  7.19545359e-01 -9.37784377e-02 -4.40759879e-01 -8.97614294e-01
  7.81709747e-03 -8.38820755e-01  5.35804005e-01 -9.64123678e-02
 -9.75162719e-01  1.99309629e-01 -9.66212414e-02 -8.30283274e-01
  5.27354120e-01  1.80357650e-01 -6.73081929e-01  6.37066006e-01
  3.75642990e-01 -7.50258994e-01  5.32037709e-01  3.92496945e-01
  5.33499597e-02  9.98338315e-01 -2.19238718e-02  4.80306373e-01
  7.48333863e-01 -4.57501493e-01  8.05749729e-01  4.53529981e-01
 -3.80891476e-01  7.93914432e-01  5.88987508e-01 -1.50975744e-01
  4.37721776e-01  8.99089605e-01 -6.12864453e-03 -2.18856208e-01
  9.74121207e-01  5.64797241e-02 -8.12958914e-01  5.75175122e-01
  9.09475113e-02 -9.94803562e-01 -7.06402017e-02  7.33202139e-02
 -7.48830154e-01 -6.62680560e-01  1.03913297e-02 -1.38050153e-01
 -9.86532243e-01 -8.77285270e-02  5.39287501e-01 -8.28681526e-01
 -1.49853579e-01  9.14083893e-01 -3.84588645e-01 -1.28617457e-01
  9.92175327e-01  7.31276064e-02 -1.01195499e-01  8.80573126e-01
  4.70052740e-01 -6.03439934e-02  6.21806094e-01  7.83064058e-01
 -1.29570572e-02]