[ 9.64267134e+03  5.81565743e+02  3.84563029e+02  9.52323136e-01
 -2.94537150e-01 -7.96707691e-02 -5.54445317e-01 -8.31155366e-01
  4.20879268e-02  9.98243311e-01 -3.49780573e-02 -4.78245726e-02
  9.00090452e-01  4.34258596e-01 -3.55033640e-02  6.29225191e-01
  7.76944796e-01 -2.08039435e-02  2.62419162e-01  9.64948509e-01
 -3.25686838e-03 -1.28828053e-01  9.91580792e-01  1.30745104e-02
 -4.78780402e-01  8.77558780e-01  2.56893385e-02 -7.44149235e-01
  6.66906680e-01  3.84388735e-02 -9.10887237e-01  4.09730955e-01
  4.90420071e-02 -9.86459179e-01  1.54054498e-01  5.62676828e-02
 -9.96029701e-01 -6.80238550e-02  5.74265291e-02 -9.69654449e-01
 -2.40323787e-01  4.48928492e-02 -9.30831174e-01 -3.65412116e-01
  5.23855878e-03 -8.76555613e-01 -4.64984634e-01 -1.24259511e-01
 -3.94876090e-01 -5.47992494e-01 -6.60351944e-01  8.38901350e-01
  9.87471373e-02 -5.35259707e-01  9.09699263e-01  2.89882131e-01
 -2.97354829e-01  8.93909430e-01  4.03014118e-01 -1.96228394e-01
  8.43176823e-01  5.20643121e-01 -1.34103523e-01  7.57394055e-01
  6.46856817e-01 -8.90542783e-02  6.33745110e-01  7.71716825e-01
 -5.31098156e-02]