[ 9.56072912e+03  7.37865034e+02  5.25931212e+02 -4.54474547e-01
 -8.90623469e-01 -2.03447555e-02 -2.17820181e-02 -9.98215437e-01
 -5.79778171e-02 -1.00690050e-01 -9.94185609e-01 -3.81662774e-02
  6.22813520e-01 -7.78998273e-01 -7.25639956e-02  9.84680199e-01
 -1.60661028e-01 -6.77853831e-02  8.95238126e-01  4.43862018e-01
 -3.91818215e-02  5.45238303e-01  8.38252662e-01 -6.90838389e-03
  9.49795736e-02  9.95275981e-01  2.01289510e-02 -3.42027376e-01
  9.38823558e-01  4.03452419e-02 -6.90224076e-01  7.21611003e-01
  5.35590556e-02 -9.09279046e-01  4.11766542e-01  6.04975158e-02
 -9.95190638e-01  7.99881649e-02  5.65473036e-02 -9.76122220e-01
 -2.14685067e-01  3.31123482e-02 -8.98963845e-01 -4.36617028e-01
 -3.50771237e-02 -7.85867790e-01 -5.77003995e-01 -2.22444755e-01
 -3.03706093e-01 -5.37447161e-01 -7.86712810e-01  7.26696008e-01
  1.95939960e-01 -6.58423900e-01  8.24244948e-01  4.69437068e-01
 -3.16621742e-01  7.51978606e-01  6.39843612e-01 -1.58523520e-01
  6.05880564e-01  7.92808122e-01 -6.60644310e-02  3.98110129e-01
  9.17315785e-01 -6.34748445e-03  1.48324130e-01  9.88224959e-01
  3.75688042e-02]