[ 9.56070586e+03  7.37868058e+02  5.25930086e+02 -3.94871616e-01
 -9.16043626e-01 -7.28713198e-02 -1.47272733e-01 -9.80096621e-01
 -1.36055939e-01 -1.00531784e-01 -9.94206131e-01 -3.81063885e-02
  6.22786807e-01 -7.79164899e-01 -7.09895462e-02  9.84728240e-01
 -1.60691728e-01 -6.69974937e-02  8.95359396e-01  4.43625982e-01
 -3.90921295e-02  5.45446180e-01  8.38105557e-01 -8.35115238e-03
  9.58191683e-02  9.95223576e-01  1.86836648e-02 -3.41600134e-01
  9.39056486e-01  3.85007447e-02 -6.90153311e-01  7.21769684e-01
  5.23162710e-02 -9.09629964e-01  4.11162297e-01  5.93309773e-02
 -9.95190171e-01  8.06968685e-02  5.55392888e-02 -9.76528832e-01
 -2.13005357e-01  3.19734563e-02 -8.98206420e-01 -4.38548696e-01
 -3.00157731e-02 -7.85507203e-01 -5.78711197e-01 -2.19262816e-01
 -2.87347308e-01 -5.36243790e-01 -7.93647687e-01  7.16052838e-01
  1.98045237e-01 -6.69368183e-01  8.25986638e-01  4.71298395e-01
 -3.09246544e-01  7.51888557e-01  6.40141433e-01 -1.57751612e-01
  6.05282716e-01  7.93340179e-01 -6.51694063e-02  3.96913603e-01
  9.17831249e-01 -6.75327710e-03  1.46138399e-01  9.88570249e-01
  3.70479405e-02]