[ 9.56073719e+03  7.37867396e+02  5.25930332e+02 -3.27022271e-01
 -9.44952846e-01 -1.09823022e-02 -1.47966604e-01 -9.72513384e-01
 -1.79955884e-01 -1.00683988e-01 -9.94204083e-01 -3.77016979e-02
  6.22727367e-01 -7.78985031e-01 -7.34376639e-02  9.84804228e-01
 -1.59329542e-01 -6.91031928e-02  8.95344027e-01  4.43680354e-01
 -3.88208092e-02  5.45453067e-01  8.38108217e-01 -7.45637369e-03
  9.57421242e-02  9.95209969e-01  1.97645830e-02 -3.41569720e-01
  9.38973817e-01  4.07240065e-02 -6.90441526e-01  7.21336805e-01
  5.44418398e-02 -9.09120446e-01  4.12046688e-01  6.09719343e-02
 -9.95185709e-01  8.02520916e-02  5.62589500e-02 -9.76282844e-01
 -2.14002188e-01  3.27858894e-02 -8.99338210e-01 -4.35806793e-01
 -3.55539596e-02 -7.84786724e-01 -5.78574566e-01 -2.22177046e-01
 -3.06734596e-01 -5.38207339e-01 -7.85014165e-01  7.26406088e-01
  1.95962977e-01 -6.58737545e-01  8.24475115e-01  4.69425139e-01
 -3.16040685e-01  7.52762383e-01  6.39106229e-01 -1.57772101e-01
  6.05674709e-01  7.92916735e-01 -6.66425710e-02  3.97743343e-01
  9.17476755e-01 -6.05439612e-03  1.47909853e-01  9.88280830e-01
  3.77317105e-02]