[ 9.56074703e+03  7.37866586e+02  5.25930634e+02 -2.86960058e-01
 -9.58611564e-01  4.25287628e-03 -2.30418689e-02 -9.95974318e-01
 -9.01392608e-02 -9.79522784e-02 -9.94487209e-01 -3.74514689e-02
  6.22666129e-01 -7.79094144e-01 -7.28446393e-02  9.84925986e-01
 -1.59092417e-01 -6.79031608e-02  8.95319460e-01  4.43582326e-01
 -4.04809379e-02  5.44939868e-01  8.38445964e-01 -7.01943169e-03
  9.54756154e-02  9.95235214e-01  1.97869859e-02 -3.41314585e-01
  9.39091371e-01  4.01507351e-02 -6.90284190e-01  7.21525276e-01
  5.39361028e-02 -9.09311058e-01  4.11717569e-01  6.03494643e-02
 -9.95140694e-01  8.04228677e-02  5.68083073e-02 -9.76286849e-01
 -2.13995082e-01  3.27126941e-02 -8.99417577e-01 -4.35742382e-01
 -3.43351049e-02 -7.83944500e-01 -5.78069336e-01 -2.26422837e-01
 -3.05222681e-01 -5.42557485e-01 -7.82606760e-01  7.24836559e-01
  1.99041243e-01 -6.59541337e-01  8.23590275e-01  4.70401335e-01
 -3.16894249e-01  7.52720765e-01  6.39289784e-01 -1.57226347e-01
  6.05495138e-01  7.93049938e-01 -6.66957795e-02  3.97738672e-01
  9.17478192e-01 -6.14912581e-03  1.48645305e-01  9.88155281e-01
  3.81279213e-02]