[ 1.00000000e+04  9.34313387e+02  4.52594801e+02 -4.40986434e-01
  8.96882844e-01 -3.41466905e-02 -4.32211082e-01 -9.00798918e-01
 -4.27857143e-02 -8.37945121e-01  5.34590830e-01 -1.09820938e-01
 -9.74883595e-01  2.07129071e-01 -8.18515275e-02 -8.26614293e-01
  5.30885536e-01  1.86733485e-01 -6.92561054e-01  6.26866260e-01
  3.56929373e-01 -7.38751301e-01  5.00486537e-01  4.51408214e-01
  5.63492164e-02  9.98130248e-01 -2.37775385e-02  4.65029768e-01
  7.56422503e-01 -4.59972435e-01  8.10747337e-01  4.56328997e-01
 -3.66678038e-01  7.95454079e-01  5.89235839e-01 -1.41611936e-01
  4.37132321e-01  8.99300031e-01 -1.32209807e-02 -2.15165403e-01
  9.74891245e-01  5.73665222e-02 -8.12905117e-01  5.76201194e-01
  8.47199183e-02 -9.95202679e-01 -6.99069465e-02  6.84445275e-02
 -7.49987047e-01 -6.61430754e-01  5.36773513e-03 -1.40153411e-01
 -9.86112561e-01 -8.91012911e-02  5.39828762e-01 -8.28862287e-01
 -1.46874885e-01  9.11653770e-01 -3.87218112e-01 -1.37657355e-01
  9.92625274e-01  7.05489381e-02 -9.85794777e-02  8.80632891e-01
  4.70681887e-01 -5.42611659e-02  6.21121781e-01  7.83604141e-01
 -1.31259465e-02]