With respect to sun
t, X, Y, Z, R
 10000.0, -81436915260.56427, -127543644341.09442, 7924183.770011434, 151325319896.4291
 10027.158884361375, -17258637313.227608, -150962700417.34143, 8817094.500261579, 151946035015.54974
 10054.31776872275, 49983973032.90773, -142971718396.21652, -233041784.07045603, 151457466404.91055
 10081.476653084123, 106839787033.62328, -105405398572.97018, -426522110.5965437, 150084043331.8196
 10108.635537445494, 140559262001.79813, -44839992752.65838, -475444981.82352525, 147539002072.26334
 10135.79442180687, 142861282974.23166, 25606773332.025078, -418226496.81146604, 145138650699.68042
 10162.953306168245, 111804487007.65492, 90377925487.113, 303143216.79451114, 143765450043.4959
 10190.11219052962, 53903342442.45298, 133399168845.59695, 951278984.9619063, 143881247933.39703
 10217.271074890996, -16907024675.285477, 144650672272.8181, 2068332558.1827688, 145650068561.3302
 10244.429959252371, -83934986916.7385, 122399127005.09337, 2708169049.7668524, 148438413154.8305
 10271.588843613747, -132270553218.8747, 72569759299.88167, 2944207479.616265, 150899097317.8864
 10298.747727975118, -153018206961.52338, 7470773618.69297, 2564697382.78312, 153221936395.69568
 10325.90661233649, -142677283440.8017, -59760564922.01219, 1467967121.3595815, 154694173314.04016
 10353.065496697865, -104592725471.21349, -115431684054.57263, 84956661.70011687, 155769442198.41605
 10380.22438105924, -45841512608.944115, -149336395195.83334, -1472082017.1198497, 156220902038.83484
 10407.383265420616, 21574121548.16371, -155074016513.6426, -2751782555.898042, 156591716337.37012
 10434.542149781992, 85670498454.89896, -131455537181.10995, -3599000459.339428, 156948862262.17557
 10461.701034143363, 133858619985.47586, -83383061327.98239, -3777252070.040023, 157750222484.92307
 10488.859918504735, 157912769496.94238, -19302388598.582016, -3251051062.454333, 159121319466.67554
 10516.01880286611, 153793600235.06094, 48290069534.199974, -2143791087.4441323, 161211036002.83142
 10543.177687227486, 123017234333.83456, 108440800894.51166, -573361223.5956285, 163990780182.54993
 10570.336571588861, 72081606630.2892, 150958686387.6049, 1093278888.2261624, 167288607708.3626
 10597.495455950237, 9229557828.775314, 170678949507.90405, 2723907582.1012983, 170950016716.44318
 10624.654340311608, -55059829892.62473, 165739595499.9093, 3963125472.4873843, 174690883413.49988
 10651.81322467298, -112779267904.03157, 138032475060.10605, 4742091109.868431, 178310445202.4121
 10678.972109034356, -156171682673.79376, 92663444875.11937, 4916515576.152801, 181659793599.73682
 10706.130993395731, -181099869641.7158, 35254090059.72935, 4475512885.730931, 184553634116.95883
 10733.289877757106, -185175484418.69907, -26268676554.997, 3518262817.933938, 187062507122.37064
 10760.448762118482, -168487887635.5761, -85772780564.58765, 2081073998.4425814, 189075299906.32416
 10787.607646479853, -133726503851.65123, -136113160562.6151, 419974335.65008307, 190813381839.8818
 10814.766530841225, -84257531363.73965, -172795504024.89307, -1386944259.1871474, 192248644773.13358
 10841.9254152026, -26175756929.973835, -191868398559.56992, -3053108498.628032, 193669755223.0999
 10869.084299563976, 35465733669.30332, -191810512228.7527, -4494507854.592766, 195113534812.46103
 10896.243183925351, 93672029464.02997, -173038437556.71118, -5497982307.197564, 196842520267.92432
 10923.402068286727, 143799681558.29944, -137296889738.5245, -6013697669.610079, 198909398741.7446
 10950.560952648102, 180708322815.8869, -88888237907.17155, -5975727175.1338215, 201475373404.40482
 10977.719837009477, 202020082729.11694, -31684632987.336056, -5379454713.163775, 204560427078.24118
 11004.87872137085, 206223724343.07773, 28245217155.1019, -4326794877.01895, 208193991094.7873
 11032.037605732221, 193726601492.77936, 86933014083.21939, -2855900099.679288, 212357013608.9569
 11059.196490093596, 166525991122.99084, 139074065918.5337, -1167221068.722472, 216965121472.6237
 11086.355374454972, 126848150618.41989, 182171200112.73114, 708479109.2430782, 221984912569.4679
With respect to Earth
 10000.0, 0.0, 0.0, 0.0, 0.0
 10027.158884361375, -1607289.070842743, 2092813.097229004, -587591.2634917777, 2703425.292127683
 10054.31776872275, -492061436.315094, 488143620.60754395, -242003037.47357583, 734148569.156647
 10081.476653084123, -1048964070.0687256, 1235389000.8528595, -433201369.65463, 1677550306.3675973
 10108.635537445494, -2512938604.071411, 3049974893.4422836, -478452532.5246338, 3980719043.63268
 10135.79442180687, -5459176596.020813, 4775407618.176765, -416914760.5688945, 7265049548.617153
 10162.953306168245, -10090976224.165787, 5331095371.996918, 308512844.48687357, 11416810377.562532
 10190.11219052962, -14978029713.034203, 2755104877.2569885, 959549449.7756472, 15259512184.725481
 10217.271074890996, -17488285714.781433, -2512927330.3829346, 2077673523.7831366, 17789650594.68688
 10244.429959252371, -16099717894.055832, -8212114923.680817, 2716481327.0191746, 18276187200.506744
 10271.588843613747, -11246077637.093475, -12136717063.741684, 2949612547.3602233, 16806974072.818623
 10298.747727975118, -5683543660.058777, -12468294850.599941, 2565973032.5164666, 13940776973.357443
 10325.90661233649, -1172550498.8229675, -10526897150.040382, 1464809007.1923552, 10692806166.174068
 10353.065496697865, 866652481.6964569, -7478125967.161011, 78013797.45065182, 7528581583.362905
 10380.22438105924, 1502530454.1560287, -5188517586.522491, -1481376881.9530356, 5601141845.883248
 10407.383265420616, 1035342959.8645172, -4381560309.444946, -2761524743.8217916, 5281668742.034503
 10434.542149781992, 1440777455.8675232, -5010352809.543732, -3607196319.059122, 6339664047.697838
 10461.701034143363, 3215311246.5155945, -7087891755.006302, -3782210150.5905905, 8653412596.535917
 10488.859918504735, 7979944670.047821, -8951713885.230637, -3251725445.4419403, 12425233067.938412
 10516.01880286611, 16284777712.869354, -9439262909.397423, -2140020118.0903044, 18943953007.12403
 10543.177687227486, 27648529868.906418, -4830795248.797867, -565943115.8632746, 28073084587.51926
 10570.336571588861, 39871322366.4718, 7183523591.825134, 1102718818.2248158, 40528278365.08096
 10597.495455950237, 47365574327.34852, 28606387276.686188, 2733259594.298109, 55401206957.9098
 10624.654340311608, 44843770448.38921, 57337249219.000565, 3970279336.0037303, 72899156469.98602
 10651.81322467298, 26573653949.491196, 87562043572.72084, 4745430316.444023, 91628541774.63809
 10678.972109034356, -8035579706.736664, 111285001658.26093, 4915280414.626903, 111682953564.35051
 10706.130993395731, -56121168546.27788, 119010596586.08994, 4469943272.494183, 131655186193.46556
 10733.289877757106, -109734584046.19434, 105006422465.33359, 3509511271.949857, 151922165479.98303
 10760.448762118482, -158232774768.73718, 65865905538.08966, 2070939421.6038587, 171406584801.91016
 10787.607646479853, -190772110168.40173, 4846009600.394333, 410529826.77453566, 190834091194.13278
 10814.766530841225, -196935284981.65833, -71326633108.68689, -1393759898.185036, 209458677614.65982
 10841.9254152026, -171240770093.57852, -150780840547.01877, -3055875243.2275476, 228183263171.9721
 10869.084299563976, -111576214585.99564, -219667184590.28226, -4492627367.909661, 246420590348.75348
 10896.243183925351, -23877222553.298035, -263819254187.77924, -5491838823.55608, 264954488413.99106
 10923.402068286727, 81436112856.70383, -271091529132.65497, -6004620796.75013, 283122788054.2357
 10950.560952648102, 187388315606.74283, -235876985006.43848, -5965730493.043068, 301310343038.49493
 10977.719837009477, 276230520855.1621, -158819730830.92538, -5370786913.639207, 318678290608.55945
 11004.87872137085, 331317717711.21246, -50480920694.62286, -4321414269.569481, 335169252833.3002
 11032.037605732221, 341964357008.8312, 74124009042.46722, -2855022504.760734, 349917335001.4169
 11059.196490093596, 305638274403.1163, 195026726301.4516, -1171064004.913723, 362562477571.6311
 11086.355374454972, 227195344687.92154, 295024572881.4122, 700709161.3568923, 372367713752.2156