[ 1.00000000e+04  1.08635537e+03  1.53007978e+03 -4.92024498e-01
  8.34728148e-01 -2.48164678e-01  7.69150982e-01 -6.30408954e-01
 -1.05687834e-01 -6.98434983e-01  6.25024698e-01 -3.48615670e-01
 -4.49314700e-01  8.90104221e-01  7.64037251e-02  4.30189275e-02
  5.99066420e-01  7.99544321e-01  8.37313505e-02  2.39311150e-01
  9.67328011e-01  4.99431544e-01 -8.26565447e-01  2.59549604e-01
  6.17542330e-01 -7.38334180e-01 -2.71116450e-01  9.39938560e-01
 -2.71950110e-01 -2.06297637e-01  9.17075658e-01  3.84093407e-01
 -1.06979050e-01  4.54687327e-01  8.90508583e-01  1.59347530e-02
 -2.74595889e-01  9.54551198e-01  1.15884150e-01 -8.61211920e-01
  4.84008457e-01  1.55080200e-01 -9.44591365e-01 -3.16084596e-01
  8.85308794e-02 -4.16224124e-01 -9.08930766e-01 -2.45429197e-02
  2.89557754e-01 -9.51870210e-01 -1.00495865e-01  8.10305768e-01
 -5.75360226e-01 -1.11198848e-01  9.96312380e-01 -9.52265704e-03
 -8.52699664e-02  8.39871982e-01  5.41579840e-01 -3.61436921e-02
  4.16987606e-01  9.08443029e-01  2.91993303e-02 -1.16603222e-01
  9.90720213e-01  6.98366469e-02 -5.97441399e-01  7.95541657e-01
  1.00882533e-01]