[ 1.00000000e+04  9.34313323e+02  4.52594825e+02 -7.31304558e-01
  6.77316620e-01  8.02594082e-02 -5.00037435e-01 -8.59213900e-01
 -1.08319371e-01 -8.38017850e-01  5.34521440e-01 -1.09606296e-01
 -9.74961709e-01  2.06752417e-01 -8.18739561e-02 -8.25545183e-01
  5.32211621e-01  1.87686884e-01 -6.92814215e-01  6.26491073e-01
  3.57099007e-01 -7.39501114e-01  4.99601101e-01  4.51152827e-01
  5.82733143e-02  9.98031366e-01 -2.31907621e-02  4.64995015e-01
  7.56484572e-01 -4.59903307e-01  8.10512079e-01  4.56733806e-01
 -3.66694327e-01  7.95343833e-01  5.89318509e-01 -1.41887504e-01
  4.37132494e-01  8.99298645e-01 -1.33103380e-02 -2.15190271e-01
  9.74891539e-01  5.72681056e-02 -8.13035952e-01  5.76016411e-01
  8.47210807e-02 -9.95185024e-01 -6.99849036e-02  6.86216819e-02
 -7.49848312e-01 -6.61587008e-01  5.49143711e-03 -1.40259268e-01
 -9.86101493e-01 -8.90575961e-02  5.39770344e-01 -8.28909051e-01
 -1.46825763e-01  9.11561082e-01 -3.87438638e-01 -1.37650649e-01
  9.92639816e-01  7.03670882e-02 -9.85630289e-02  8.80750542e-01
  4.70458925e-01 -5.42853729e-02  6.21074711e-01  7.83642690e-01
 -1.30575296e-02]