With respect to sun
t, X, Y, Z, R
 10000.0, -81436915260.56427, -127543644341.09442, 7924183.770011434, 151325319896.4291
 10027.153114780533, -17272888840.536644, -150960765969.97226, 8991367.830863217, 151945732523.10498
 10054.306229561065, 50014636565.691315, -142901403897.651, -198524337.98361328, 151401170796.76282
 10081.459344341598, 106901631966.04843, -105264354841.34364, -364798185.9800387, 150028918528.6799
 10108.61245912213, 140570588364.1955, -44670893032.742905, -451813178.2268726, 147498417389.9736
 10135.765573902663, 142807794153.28265, 25770733994.691826, -437843930.32670873, 145115087116.6015
 10162.918688683196, 111540042068.49579, 90499597870.74997, 228736201.43345857, 143636382994.20905
 10190.071803463728, 53437687063.90324, 133399417927.84982, 839828896.8093059, 143706981092.7942
 10217.224918244261, -17552712421.448532, 144323542270.65552, 1964799932.981866, 145400285438.77213
 10244.378033024794, -84592506445.4778, 121670392844.89447, 2634519828.032512, 148211056728.17883
 10271.531147805326, -132698300978.19778, 71515778413.75049, 2938939404.047207, 150771293718.1534
 10298.684262585859, -153072147124.02838, 6275514337.170578, 2627765215.7495565, 153223266690.75204
 10325.837377366392, -142354715262.2706, -60845796038.26274, 1554621392.714738, 154820840653.33936
 10352.990492146924, -104030871809.8112, -116232751623.9927, 179124123.3321042, 155988803845.1661
 10380.143606927457, -45245615998.1702, -149823120303.64996, -1405531129.5795066, 156512327509.152
 10407.29672170799, 22043627923.89354, -155319347866.431, -2726991207.6519346, 156899515087.67346
 10434.449836488522, 85961647176.88219, -131618397363.97795, -3615734378.6342983, 157244652834.7518
 10461.602951269055, 134009770232.03392, -83578022233.55925, -3836354595.4112544, 157982979889.28296
 10488.756066049587, 158018589394.95596, -19573761532.64914, -3335874696.1276946, 159261215601.59262
 10515.90918083012, 153918978441.05228, 47975985861.92325, -2241049691.33463, 161238238167.8726
 10543.062295610653, 123170992389.2204, 108142340225.24791, -665045697.6650743, 163909430483.1746
 10570.215410391182, 72220591722.88206, 150704537696.63406, 1022194297.7082705, 167118869169.0489
 10597.36852517171, 9301583558.80552, 170443064903.82376, 2673859566.71881, 170717624618.8221
 10624.521639952243, -55069391488.893715, 165468530192.60294, 3940000008.728077, 174436223196.69205
 10651.674754732776, -112840220739.69148, 137673660134.9972, 4738042208.318737, 178071337265.4814
 10678.827869513309, -156226407945.71255, 92199866580.62857, 4929959138.696261, 181471238586.76648
 10705.980984293841, -181088499733.29825, 34709820039.62736, 4492881837.419358, 184439698357.06488
 10733.134099074374, -185070310816.60214, -26838299368.27069, 3536809973.8488836, 187039630248.58063
 10760.287213854906, -168285012833.2145, -86300289749.47952, 2092475454.4490404, 189134777364.30908
 10787.440328635439, -133471238869.66531, -136555609305.97336, 423269693.25445795, 190950740233.08243
 10814.593443415972, -84003481037.69077, -173131565294.37518, -1394885466.7018144, 192439781316.63782
 10841.746558196504, -25976924852.0028, -192123078686.91025, -3071974330.634529, 193895629180.21487
 10868.899672977037, 35579750139.45187, -192025396350.71548, -4519379119.257517, 195346093514.20056
 10896.05278775757, 93703509146.6741, -173266182667.1035, -5528163094.654557, 197058565583.00635
 10923.205902538102, 143779286091.04645, -137579142656.191, -6041347360.682253, 199090435432.73483
 10950.359017318635, 180678531028.7153, -89238949797.39453, -6000024379.173933, 201604370062.22614
 10977.512132099168, 202035549302.01376, -32099346499.52801, -5403416960.664415, 204640973762.13297
 11004.6652468797, 206310310647.27588, 27796549757.24109, -4349131136.570135, 208219853518.88358
 11031.818361660233, 193916416589.04282, 86489933670.1402, -2875468676.83409, 212349602234.40945
 11058.971476440765, 166809638585.82938, 138671979888.7337, -1182616439.088664, 216925729486.01184
 11086.124591221298, 127226020168.2633, 181853502350.54855, 692557704.8328035, 221940614041.66394
With respect to Earth
 10000.0, 0.0, 0.0, 0.0, 0.0
 10027.153114780533, -1346990.3217430115, 2284162.0277404785, -413203.9543086253, 2683750.4734414336
 10054.306229561065, -433864518.3100586, 568200876.8312988, -207486189.7284588, 744406592.9371595
 10081.459344341598, -956522382.929779, 1407943943.4879913, -371479407.26512593, 1742193493.005937
 10108.61245912213, -2483713634.749878, 3275173972.315262, -454824245.19340503, 4135512430.4479527
 10135.765573902663, -5524181808.752014, 5012617612.64241, -436536810.2469759, 7472180697.321243
 10162.918688683196, -10407829993.178482, 5525518003.040604, 234101217.6730647, 11785969529.442516
 10190.071803463728, -15537308334.017601, 2803475264.359909, 848096282.6582108, 15810967431.781944
 10217.224918244261, -18254701640.11953, -2839986578.8175964, 1974140852.0689402, 18579474907.581596
 10244.378033024794, -16878043926.418823, -9002896449.064758, 2642836012.0858774, 19310750721.851395
 10271.531147805326, -11761452687.778763, -13312871103.853073, 2944352237.3060193, 18006485399.7662
 10298.684262585859, -5762136835.577545, -13826026680.724796, 2629051252.1614738, 15207667315.355282
 10325.837377366392, -794425023.2785034, -11781132958.436562, 1551474140.4395323, 11909377687.78973
 10352.990492146924, 1563369002.520111, -8414906321.476013, 172190037.26737583, 8560632012.076669
 10380.143606927457, 2292514696.1771393, -5741030264.665039, -1414821680.3352292, 6341669537.206641
 10407.29672170799, 1721950373.5475807, -4597808220.99707, -2736735195.108025, 5620913898.484112
 10434.449836488522, 1925900146.5022583, -5042539306.992172, -3623938636.0074644, 6501478699.065787
 10461.602951269055, 3489840762.0888214, -7065916235.09935, -3841326727.2593827, 8767094833.052425
 10488.756066049587, 8100060910.553864, -8957451812.217972, -3336566379.3526945, 12529150207.684338
 10515.90918083012, 16296597386.495453, -9494159054.395142, -2237295691.486241, 18992725832.245003
 10543.062295610653, 27570460378.69789, -4938862243.248398, -657640139.4573607, 28017050813.819794
 10570.215410391182, 39701009598.436554, 6996700226.826813, 1031629699.5702791, 40326024314.780464
 10597.36852517171, 47116668693.29069, 28284934681.2381, 2683217099.8494782, 55020156785.3105
 10624.521639952243, 44577231033.65743, 56833733696.32556, 3947169123.2922497, 72337977277.36652
 10651.674754732776, 26385135084.59047, 86866944694.11575, 4741403620.46924, 90909418336.13748
 10678.827869513309, -8050500624.500671, 110451627617.25922, 4928748521.883172, 110854251905.81888
 10705.980984293841, -55901548818.64819, 118143872416.67844, 4487333744.0644455, 130778797647.259
 10733.134099074374, -109288569983.61647, 104235063304.6004, 3528072003.0778413, 151067492344.43787
 10760.287213854906, -157621861587.35745, 65308217235.18048, 2082343046.113422, 170628692315.39957
 10787.440328635439, -190124438769.85483, 4562932713.270233, 413814652.26179034, 190179635647.628
 10814.593443415972, -196389891616.3927, -71333762144.16339, -1401723090.9908502, 208948462493.41574
 10841.746558196504, -170923307287.14853, -150594530891.90973, -3074770724.551971, 227822176101.31793
 10868.899672977037, -111557637013.34756, -219416836433.7772, -4517530069.73338, 246189485081.1864
 10896.05278775757, -24152592356.461945, -263660505517.21875, -5522045872.993698, 264822021134.4899
 10923.205902538102, 80950258783.06766, -271161589813.52902, -6032285045.444559, 283051127272.2928
 10950.359017318635, 186830828334.49075, -236252317458.98447, -5990026206.302569, 301258686737.5693
 10977.512132099168, 275775108192.6581, -159505097949.06424, -5394730872.267184, 318626567774.2474
 11004.6652468797, 331101844064.82385, -51396116811.30571, -4343718748.389892, 335095299667.0849
 11031.818361660233, 342095343190.1594, 73116708300.54735, -2874552443.117954, 349833588891.7022
 11058.971476440765, 306127574383.7383, 194084742976.49347, -1186422216.959362, 362469842679.3595
 11086.124591221298, 228006665737.01825, 294309080786.2603, 684815305.6199526, 372297386004.47986