[ 1.00000000e+04  1.08612459e+03  1.53022243e+03 -3.81169669e-01
  9.08512609e-01 -1.71224692e-01  7.58883189e-01 -6.43772915e-01
 -9.92603110e-02 -6.14119174e-01  7.30281379e-01 -2.99255701e-01
 -5.26048697e-01  8.50452339e-01  1.89419234e-03 -1.57508040e-01
  6.09494789e-01  7.76990704e-01  1.40703222e-02  1.05752533e-01
  9.94296743e-01  5.35720804e-01 -7.91897983e-01  2.93101329e-01
  6.23891868e-01 -7.15450013e-01 -3.14475065e-01  9.26910055e-01
 -2.97295723e-01 -2.29026437e-01  9.30805666e-01  3.52516571e-01
 -9.66138615e-02  4.65019448e-01  8.84871368e-01  2.75743002e-02
 -2.69510429e-01  9.55726395e-01  1.18120893e-01 -8.66617233e-01
  4.78017830e-01  1.43085762e-01 -9.44496331e-01 -3.19104829e-01
  7.80951568e-02 -4.11778776e-01 -9.10555211e-01 -3.64401991e-02
  3.07230545e-01 -9.45538464e-01 -1.07547356e-01  8.18577293e-01
 -5.62890095e-01 -1.14393986e-01  9.96730291e-01 -2.45586443e-03
 -8.07640997e-02  8.41861908e-01  5.38918635e-01 -2.89022700e-02
  4.32298654e-01  9.01378986e-01  2.51783184e-02 -9.16625552e-02
  9.93360216e-01  6.95232323e-02 -5.77028952e-01  8.11152446e-01
  9.52335304e-02]