[ 9.64266133e+03  5.81554467e+02  3.84534185e+02  9.58634712e-01
 -2.77798530e-01 -6.21066303e-02 -5.51025679e-01 -8.32951391e-01
  5.07220230e-02  9.98229899e-01 -3.34297047e-02 -4.91888105e-02
  8.99962341e-01  4.34426069e-01 -3.66303062e-02  6.29351168e-01
  7.76871862e-01 -1.96781767e-02  2.62700721e-01  9.64871336e-01
 -3.41232210e-03 -1.28098998e-01  9.91685638e-01  1.22574904e-02
 -4.78428721e-01  8.77736432e-01  2.61671438e-02 -7.44444938e-01
  6.66538999e-01  3.90832218e-02 -9.10792687e-01  4.09916132e-01
  4.92488207e-02 -9.86420956e-01  1.54245108e-01  5.64105349e-02
 -9.96023581e-01 -6.82130234e-02  5.73063012e-02 -9.69387564e-01
 -2.41307955e-01  4.53676188e-02 -9.30938858e-01 -3.65154784e-01
  3.85101744e-03 -8.75925591e-01 -4.66062220e-01 -1.24662424e-01
 -3.97940226e-01 -5.48932293e-01 -6.62008092e-01  8.40464268e-01
  1.01972585e-01 -5.32185618e-01  9.10098124e-01  2.89870736e-01
 -2.96135919e-01  8.93955392e-01  4.02901641e-01 -1.96249962e-01
  8.43307271e-01  5.20361695e-01 -1.34374724e-01  7.57570867e-01
  6.46612951e-01 -8.93201098e-02  6.33750062e-01  7.71687653e-01
 -5.34699122e-02]