[ 9.49700000e+03  1.04105151e+03  1.55807671e+03 -9.81050971e-01
 -1.91805375e-01  2.80617551e-02 -1.48607541e-01 -9.88815332e-01
 -1.62749862e-02 -8.13803593e-01 -5.81016040e-01 -1.20072996e-02
 -4.69779939e-02 -9.98512332e-01  2.76851405e-02  7.46043110e-01
 -6.62894494e-01 -6.31714604e-02  9.94269352e-01  1.05433329e-01
  1.76781914e-02  6.45793930e-01  7.31716201e-01 -2.18041994e-01
 -1.00299173e-02  9.96396175e-01  8.42267311e-02 -6.02334957e-01
  7.77053838e-01  1.82702339e-01 -9.57776293e-01  2.51448049e-01
 -1.39421863e-01 -8.79626504e-01 -4.67405251e-01  8.82670233e-02
 -4.46406396e-01 -8.86841653e-01 -1.19303433e-01  2.15037961e-01
 -9.50972896e-01 -2.22283535e-01  7.26407578e-01 -6.58845573e-01
 -1.95588697e-01  9.90868486e-01 -3.66081887e-02 -1.29772647e-01
  8.65761333e-01  5.00164663e-01  1.71586369e-02  5.12374430e-01
  8.43234299e-01  1.62575673e-01  1.62138279e-01  9.17463788e-01
  3.63279828e-01 -1.55411516e-01  9.46649544e-01  2.82321592e-01
 -1.52137525e-01  8.20959499e-01  5.50347085e-01 -6.15575437e-03
  9.10011627e-01  4.14539815e-01  2.14009830e-01  9.72163584e-01
  9.53834876e-02]