[ 1.00000000e+04  1.08612446e+03  1.53022251e+03 -4.41504956e-01
  8.63273722e-01 -2.45010898e-01  7.65930419e-01 -6.35184907e-01
 -9.94677861e-02 -6.14010140e-01  7.29590858e-01 -3.01147338e-01
 -5.25719923e-01  8.50657913e-01  6.70772646e-04 -1.60980557e-01
  6.09088848e-01  7.76592840e-01  1.55979096e-02  1.08361385e-01
  9.93990767e-01  5.37320472e-01 -7.92164915e-01  2.89418199e-01
  6.23406019e-01 -7.16041428e-01 -3.14085700e-01  9.26909419e-01
 -2.97778579e-01 -2.28400841e-01  9.31081417e-01  3.51874035e-01
 -9.62916856e-02  4.64732735e-01  8.85019364e-01  2.76445463e-02
 -2.69500756e-01  9.55733391e-01  1.18080609e-01 -8.66456356e-01
  4.78184144e-01  1.43503723e-01 -9.44507470e-01 -3.19015347e-01
  7.83254605e-02 -4.11782650e-01 -9.10571944e-01 -3.59692194e-02
  3.07456073e-01 -9.45484621e-01 -1.07375954e-01  8.18348924e-01
 -5.63226764e-01 -1.14370686e-01  9.96728777e-01 -2.22582665e-03
 -8.07886040e-02  8.41699688e-01  5.39168155e-01 -2.89714342e-02
  4.32157824e-01  9.01447163e-01  2.51520931e-02 -9.20338783e-02
  9.93318353e-01  6.96306160e-02 -5.77314740e-01  8.10923344e-01
  9.54516930e-02]