[ 1.00000000e+04  9.34318628e+02  4.52592840e+02 -6.48024816e-01
  7.56284701e-01 -8.99897410e-02 -4.12016194e-01 -9.04406930e-01
  1.10867997e-01 -8.34351394e-01  5.39878526e-01 -1.11305989e-01
 -9.68703834e-01  2.34910119e-01 -8.01885167e-02 -8.30702294e-01
  5.26527210e-01  1.80845056e-01 -7.16930871e-01  5.99591780e-01
  3.55669985e-01 -7.41154803e-01  4.88589446e-01  4.60403397e-01
  7.09536526e-02  9.96960124e-01 -3.22002298e-02  4.42098158e-01
  7.73307215e-01 -4.54473807e-01  8.11694631e-01  4.52248876e-01
 -3.69625880e-01  7.97194760e-01  5.87172768e-01 -1.40387566e-01
  4.37577776e-01  8.99087486e-01 -1.29383707e-02 -2.15300257e-01
  9.74870132e-01  5.72193295e-02 -8.13327234e-01  5.75640717e-01
  8.44782959e-02 -9.95216643e-01 -7.03865412e-02  6.77463997e-02
 -7.49901249e-01 -6.61533087e-01  4.70066759e-03 -1.42653808e-01
 -9.85704181e-01 -8.96505716e-02  5.36548272e-01 -8.30987334e-01
 -1.46887770e-01  9.10239812e-01 -3.90524140e-01 -1.37675180e-01
  9.92872643e-01  6.75350325e-02 -9.81984432e-02  8.82180870e-01
  4.67821794e-01 -5.38487242e-02  6.23609387e-01  7.81629120e-01
 -1.29326057e-02]