[ 1.00000000e+04  9.34314196e+02  4.52594499e+02 -8.86293431e-01
  4.42786767e-01 -1.35748057e-01 -4.44542357e-01 -8.95714038e-01
 -9.73000199e-03 -8.37895301e-01  5.34654971e-01 -1.09888775e-01
 -9.74972001e-01  2.06775739e-01 -8.16911312e-02 -8.25514059e-01
  5.32266698e-01  1.87666686e-01 -6.93382138e-01  6.25858073e-01
  3.57103508e-01 -7.39406892e-01  4.99969354e-01  4.50897309e-01
  5.81903473e-02  9.98027895e-01 -2.35417808e-02  4.65084712e-01
  7.56657538e-01 -4.59527589e-01  8.10550118e-01  4.56574759e-01
 -3.66807895e-01  7.95464076e-01  5.89201197e-01 -1.41699932e-01
  4.37169040e-01  8.99280743e-01 -1.33186265e-02 -2.15184993e-01
  9.74889267e-01  5.73265759e-02 -8.12919438e-01  5.76169349e-01
  8.47989954e-02 -9.95178916e-01 -7.02001114e-02  6.84906033e-02
 -7.49881263e-01 -6.61551426e-01  5.27488560e-03 -1.40159110e-01
 -9.86124845e-01 -8.89562924e-02  5.39794072e-01 -8.28925060e-01
 -1.46647921e-01  9.11639804e-01 -3.87248234e-01 -1.37665081e-01
  9.92627000e-01  7.04996041e-02 -9.85974125e-02  8.80667064e-01
  4.70624702e-01 -5.42025388e-02  6.21185514e-01  7.83552180e-01
 -1.32117501e-02]