[ 1.00000000e+04  1.08612446e+03  1.53022250e+03 -4.41017033e-01
  8.63922330e-01 -2.43263675e-01  7.65159033e-01 -6.36185718e-01
 -9.90103098e-02 -6.13485715e-01  7.30263428e-01 -3.00584905e-01
 -5.25363624e-01  8.50876391e-01 -1.63935032e-03 -1.62163813e-01
  6.07981706e-01  7.77217417e-01  1.41356790e-02  1.07321849e-01
  9.94124075e-01  5.38102346e-01 -7.92379657e-01  2.87371822e-01
  6.23742733e-01 -7.15812326e-01 -3.13939980e-01  9.26951798e-01
 -2.97565475e-01 -2.28506352e-01  9.31060650e-01  3.51917857e-01
 -9.63322210e-02  4.64781471e-01  8.84996899e-01  2.75442694e-02
 -2.69385686e-01  9.55771250e-01  1.18036792e-01 -8.66425885e-01
  4.78221057e-01  1.43564755e-01 -9.44556781e-01 -3.18883459e-01
  7.82677933e-02 -4.11782680e-01 -9.10573309e-01 -3.59347304e-02
  3.07455967e-01 -9.45483406e-01 -1.07386959e-01  8.18382819e-01
 -5.63175878e-01 -1.14378757e-01  9.96723657e-01 -2.12025847e-03
 -8.08545633e-02  8.41666368e-01  5.39217195e-01 -2.90266692e-02
  4.32154129e-01  9.01449491e-01  2.51322733e-02 -9.20171414e-02
  9.93314967e-01  6.97010863e-02 -5.77251875e-01  8.10969835e-01
  9.54369617e-02]