With respect to sun
t, X, Y, Z, R
 9497.0, -26071582183.647785, 144774313824.27957, -8544200.723543694, 147103125098.86746
 9522.722648573555, -87421475820.32079, 118552892862.32784, -6960967.380341935, 147300043751.1292
 9548.445297147111, -131722475765.69125, 68127907566.21636, -2579801.11446559, 148297749200.21347
 9574.167945720663, -150052847093.84265, 4198598265.382019, 2315164.02802001, 150111575681.96457
 9599.890594294215, -139893787254.5356, -61247293143.430435, -23449740.38658129, 152713794988.22266
 9625.61324286777, -104350119130.04443, -115703183780.61598, -45008157.61130733, 155808138828.3671
 9651.335891441326, -50463238021.51266, -150944412395.45718, -104019790.31462085, 159156416286.43964
 9677.058540014881, 11623396551.129799, -162000058474.3763, -146424839.56393373, 162416574687.80643
 9702.781188588437, 72697252716.17004, -148549544545.78458, -195207279.6348526, 165384085821.82492
 9728.503837161992, 123421386728.43787, -113780894841.69025, -216057286.4825856, 167865950727.64886
 9754.226485735548, 157731413076.2208, -62900812863.56021, -200179567.96947446, 169810927215.46942
 9779.9491343091, 171157909308.81677, -3649265828.1844025, -157758231.3571311, 171196880659.98593
 9805.671782882651, 162505890268.47272, 56773432787.23365, -53158890.498279214, 172137706120.02203
 9831.394431456207, 133176225422.68524, 109990651526.08984, 58234208.33747816, 172724792175.85016
 9857.117080029762, 86696043008.76834, 149941173646.3742, 221936676.60824004, 173201064326.172
 9882.839728603318, 29383617052.613266, 171178727067.5756, 357959621.0873487, 173682704051.5563
 9908.562377176873, -32235119507.113476, 171467135757.36108, 502830747.7414029, 174471586263.29977
 9934.285025750425, -89938411677.25754, 150815131633.61148, 586343455.6145306, 175597453350.95084
 9960.007674323977, -137577153535.96524, 111879850507.35979, 613140595.053689, 177327240056.33493
 9985.730322897532, -169235369576.84717, 59897457236.99568, 568594260.7423307, 179523366163.58084
 10011.452971471088, -182362010567.18933, 573820576.214653, 396708929.00761855, 182363344853.44284
 10037.175620044643, -175961954091.82538, -58865202867.17108, 182162995.09689876, 185547176156.80292
 10062.898268618199, -151622367599.88748, -113102455224.9081, -214014124.56999415, 189160126708.94272
 10088.62091719175, -112682866888.67528, -156517862650.89267, -589993524.1077935, 192861654849.8252
 10114.343565765303, -62978831231.779564, -186303846909.18045, -1122469679.0884428, 196663968470.74146
 10140.066214338858, -7839802880.595436, -200158777488.25717, -1559255119.5663664, 200318321656.62762
 10165.788862912414, 48731267723.38202, -197892465250.89423, -2031254637.0112154, 203814352420.05087
 10191.51151148597, 101586862985.84778, -180387797527.21643, -2347161684.6786184, 207039023848.1612
 10217.234160059525, 147716808255.44598, -149264442969.80658, -2532169999.996009, 210015573853.8733
 10242.956808633076, 183469668878.17386, -107617605758.89963, -2539000142.1064935, 212718393631.73633
 10268.679457206628, 207278035282.6568, -58009269843.625656, -2287300802.6567965, 215254479728.97272
 10294.402105780184, 217539630029.63937, -4588505260.049538, -1885919831.9604614, 217596189552.03802
 10320.12475435374, 214219540791.83994, 49921882967.77152, -1170366989.873224, 219962669139.57385
 10345.847402927295, 197766824742.95337, 101390011541.17743, -382836045.7230406, 222242655610.18665
 10371.57005150085, 169510543550.3468, 147643320120.0653, 711829269.6645545, 224795198017.48273
 10397.292700074406, 131507363764.40984, 185430498233.94812, 1765964826.9061925, 227336259825.23096
 10423.015348647961, 86062882368.17848, 213713909055.21228, 3076227977.308061, 230412494938.41876
 10448.737997221513, 36009007620.14622, 230601653633.3412, 4222783578.900997, 233434365913.36212
 10474.460645795065, -15873870743.218842, 236487696591.55127, 5485166301.020861, 237083313332.88702
 10500.18329436862, -66997456786.44607, 230782194368.14752, 6479101743.991835, 240397710497.91245
 10525.905942942176, -114744077706.56502, 215082075099.29477, 7320741029.950011, 243885414994.37088
With respect to Earth
 9497.0, 0.0, 0.0, 0.0, 0.0
 9522.722648573555, -1766686.1006011963, 95415.99108886719, 54573.84688041266, 1770102.340029033
 9548.445297147111, -551389673.3865509, -306497020.09749603, 1480798.554400051, 630851161.5352157
 9574.167945720663, -1205435370.4539185, -471735142.3428612, 2593024.48804257, 1294455561.4769518
 9599.890594294215, -2420819875.5150757, -1196233324.368103, -27032021.124466773, 2700384003.4675927
 9625.61324286777, -4536639618.969818, -2363505769.463379, -51787349.102301374, 5115656407.951998
 9651.335891441326, -7039697491.897377, -5530286865.4253235, -112740592.48237008, 8952883559.64241
 9677.058540014881, -9386354237.02945, -11371667304.501282, -155482322.61379373, 14745936318.183039
 9702.781188588437, -8892137419.582932, -20362989289.31685, -202935704.36587736, 22220770094.343853
 9728.503837161992, -3716195105.852478, -31625650311.726624, -221023536.54885203, 31844005952.582108
 9754.226485735548, 8727251926.792633, -42043407987.51777, -201443708.45317838, 42940117151.28702
 9779.9491343091, 28521802576.8031, -47999409839.70892, -155063168.58210832, 55834224376.96013
 9805.671782882651, 53820494062.39104, -44159167229.8939, -47009371.93781046, 69618099955.67714
 9831.394431456207, 79874934850.31454, -27562784546.06967, 66636813.20582182, 84496844614.10333
 9857.117080029762, 99445267061.5645, 3370495039.1773376, 230913434.066581, 99502636642.29726
 9882.839728603318, 105598896617.69713, 45221798089.54439, 365693928.3016425, 114875026534.82089
 9908.562377176873, 92080608475.89886, 91547947078.93481, 507750853.8347255, 129846535889.82956
 9934.285025750425, 57689564045.278046, 132910048543.95068, 587448604.7445953, 144891379659.2219
 9960.007674323977, 4435614390.178345, 159542488091.52393, 610191146.1644756, 159605302276.23163
 9985.730322897532, -60102153856.59741, 164025663520.43512, 562134051.6389109, 174691165163.59125
 10011.452971471088, -126657689631.54257, 141613703333.8986, 387936241.60310477, 189991478254.3395
 10037.175620044643, -184024503485.76187, 92978426696.5517, 172694150.7405268, 206179619597.61426
 10062.898268618199, -221978105238.73352, 21650315719.399857, -222438640.6446028, 223031533320.01465
 10088.62091719175, -232386831839.86667, -63626204281.7256, -595815736.1552922, 240940425168.2598
 10114.343565765303, -209795516340.57126, -152493426935.4104, -1124594210.2796638, 259363969446.89532
 10140.066214338858, -154054414340.9084, -231770684079.65506, -1557263704.9302104, 278303499163.9851
 10165.788862912414, -68723323292.19121, -288791460838.55554, -2025513924.791959, 296862772546.92865
 10191.51151148597, 35970342326.46297, -312658510362.66675, -2338787099.275476, 314729533972.23535
 10217.234160059525, 147038992065.11148, -296427993789.07764, -2522829071.100433, 330902380402.2319
 10242.956808633076, 247855964622.45166, -239946445355.0531, -2530579760.600001, 344983013598.3165
 10268.679457206628, 323731358252.49554, -148765784579.53644, -2281511319.236148, 356284235227.2557
 10294.402105780184, 362774316914.37524, -35585913288.60304, -1883937531.7693708, 364520385517.5992
 10320.12475435374, 359667285109.0304, 84825346100.29225, -1172604638.6033099, 369536561547.53265
 10345.847402927295, 315388202309.1848, 195513357044.08017, -388885238.4220412, 371073230198.8301
 10371.57005150085, 237077877770.79318, 283251242905.0854, 703092333.9996637, 369374716344.26874
 10397.292700074406, 136451990573.86214, 337359934338.08093, 1756152153.1332233, 363914763507.26495
 10423.015348647961, 27464580947.330734, 354029741014.9807, 3067143063.012379, 355106699593.67957
 10448.737997221513, -75361423316.5845, 333531430144.45605, 4216102889.3680134, 341965399627.0403
 10474.460645795065, -159380379828.3727, 282992636747.98486, 5482140482.758912, 324833791025.6351
 10500.18329436862, -215648433722.79935, 212155512515.02216, 6480316642.891778, 302582555613.17554
 10525.905942942176, -240030390896.31567, 134942259340.89899, 7325980788.664466, 275459020372.1425