[ 9.49700000e+03  1.02890594e+03  1.56558088e+03 -9.93319666e-01
 -1.15770500e-01  1.66409657e-02 -3.34387545e-01 -9.49435833e-01
  2.76215896e-02 -8.56411766e-01 -5.16288886e-01  2.24895520e-03
 -1.31332816e-01 -9.90180659e-01 -4.78954587e-02  6.83573760e-01
 -7.26499117e-01 -7.01900986e-02  9.98796389e-01  2.26728149e-02
 -4.35015126e-02  7.04814411e-01  7.09311925e-01  1.06804351e-02
  7.74350715e-02  9.95086475e-01  6.17036835e-02 -5.53566196e-01
  8.28280086e-01  8.67043050e-02 -9.41110500e-01  3.29445068e-01
  7.60105615e-02 -9.54044926e-01 -2.99079216e-01  1.89409722e-02
 -5.87815852e-01 -8.04217364e-01 -8.78206149e-02  4.26018593e-02
 -9.75170816e-01 -2.17334084e-01  6.62478872e-01 -6.97001284e-01
 -2.74434190e-01  9.70971862e-01 -1.19762752e-01 -2.07056638e-01
  8.91534540e-01  4.49951568e-01 -5.20789852e-02  5.80735925e-01
  8.07045929e-01  1.06880212e-01  2.21821705e-01  9.46135287e-01
  2.35849698e-01 -6.13381695e-02  9.39320158e-01  3.37518136e-01
 -1.53387183e-01  8.98259540e-01  4.11828630e-01  3.99498805e-02
  9.24760178e-01  3.78448263e-01  2.76294318e-01  9.46023872e-01
  1.69413561e-01]