[ 9.64265507e+03  5.81551361e+02  3.84525834e+02  9.52736556e-01
 -2.94575215e-01 -7.42870412e-02 -5.09225931e-01 -8.57438685e-01
  7.41167696e-02  9.98253942e-01 -3.29698542e-02 -4.90153975e-02
  8.99924327e-01  4.34531984e-01 -3.63066355e-02  6.29672284e-01
  7.76598083e-01 -2.02154078e-02  2.62504712e-01  9.64923299e-01
 -3.78464071e-03 -1.28324160e-01  9.91657744e-01  1.21662361e-02
 -4.78334391e-01  8.77806244e-01  2.55506498e-02 -7.44335201e-01
  6.66659620e-01  3.91161465e-02 -9.10799131e-01  4.09901073e-01
  4.92599492e-02 -9.86429776e-01  1.54129594e-01  5.65726074e-02
 -9.95993644e-01 -6.84141517e-02  5.75879016e-02 -9.69494198e-01
 -2.40883484e-01  4.53539903e-02 -9.30785831e-01 -3.65548305e-01
  3.73515800e-03 -8.75610788e-01 -4.66258583e-01 -1.26145211e-01
 -3.97965187e-01 -5.49993136e-01 -6.62344281e-01  8.40732224e-01
  1.04040158e-01 -5.31363127e-01  9.09982698e-01  2.89948435e-01
 -2.96416251e-01  8.94273159e-01  4.02452356e-01 -1.95723461e-01
  8.43466985e-01  5.20154508e-01 -1.34178468e-01  7.57167630e-01
  6.47045113e-01 -8.96100107e-02  6.33847147e-01  7.71580159e-01
 -5.38694510e-02]