[ 9.56073451e+03  7.37865059e+02  5.25931203e+02 -4.47870056e-01
 -8.93972119e-01 -1.51508174e-02 -1.71038962e-02 -9.98223630e-01
 -5.72515972e-02 -1.00250722e-01 -9.94228200e-01 -3.82109952e-02
  6.23246594e-01 -7.78655170e-01 -7.25245855e-02  9.84801775e-01
 -1.59644503e-01 -6.84039289e-02  8.95260527e-01  4.43808992e-01
 -3.92705166e-02  5.45374413e-01  8.38162018e-01 -7.15417363e-03
  9.56983913e-02  9.95213696e-01  1.97868076e-02 -3.41767938e-01
  9.38922708e-01  4.02346545e-02 -6.90300012e-01  7.21498614e-01
  5.40892270e-02 -9.09336349e-01  4.11634426e-01  6.05351520e-02
 -9.95187525e-01  8.02000194e-02  5.63005589e-02 -9.76297999e-01
 -2.13958989e-01  3.26154635e-02 -8.99369459e-01 -4.35793326e-01
 -3.49107910e-02 -7.84902265e-01 -5.78337999e-01 -2.22381687e-01
 -3.04618923e-01 -5.38190077e-01 -7.85849070e-01  7.25846603e-01
  1.95513490e-01 -6.59485564e-01  8.24124408e-01  4.69894407e-01
 -3.16256577e-01  7.52553002e-01  6.39342368e-01 -1.57814194e-01
  6.05408150e-01  7.93128589e-01 -6.65433538e-02  3.97717520e-01
  9.17487780e-01 -6.07968638e-03  1.48400855e-01  9.88207696e-01
  3.77191836e-02]