[ 1.00000000e+04  9.34312196e+02  4.52595247e+02 -6.63612895e-01
  7.41737648e-01 -9.72043470e-02 -4.46950419e-01 -8.94535848e-01
 -6.61163312e-03 -8.38110230e-01  5.34337742e-01 -1.09792651e-01
 -9.75000916e-01  2.06542871e-01 -8.19345365e-02 -8.25588047e-01
  5.32175833e-01  1.87598688e-01 -6.92845493e-01  6.26289782e-01
  3.57388099e-01 -7.39474758e-01  4.99820148e-01  4.50951671e-01
  5.78778413e-02  9.98056256e-01 -2.31306880e-02  4.65087989e-01
  7.56418705e-01 -4.59918546e-01  8.10617276e-01  4.56588877e-01
 -3.66642176e-01  7.95369615e-01  5.89336475e-01 -1.41667606e-01
  4.37125799e-01  8.99302979e-01 -1.32358809e-02 -2.15172018e-01
  9.74891767e-01  5.73327667e-02 -8.12935196e-01  5.76155279e-01
  8.47435201e-02 -9.95207303e-01 -6.99092036e-02  6.83749343e-02
 -7.49845343e-01 -6.61591421e-01  5.36227989e-03 -1.40106244e-01
 -9.86124706e-01 -8.90410378e-02  5.39823152e-01 -8.28896959e-01
 -1.46699711e-01  9.11625700e-01 -3.87299317e-01 -1.37614782e-01
  9.92637151e-01  7.04814449e-02 -9.85081497e-02  8.80657398e-01
  4.70631954e-01 -5.42965239e-02  6.21161666e-01  7.83572590e-01
 -1.31218223e-02]