[ 1.00000000e+04  9.34312198e+02  4.52595246e+02 -6.66893515e-01
  7.38393737e-01 -1.00181938e-01 -4.47211881e-01 -8.94421393e-01
 -4.02003651e-03 -8.38082598e-01  5.34378406e-01 -1.09805743e-01
 -9.74997789e-01  2.06623409e-01 -8.17684446e-02 -8.25564903e-01
  5.32137336e-01  1.87809797e-01 -6.92886820e-01  6.26167091e-01
  3.57523076e-01 -7.39125331e-01  5.00259480e-01  4.51036804e-01
  5.71377820e-02  9.98104120e-01 -2.28789281e-02  4.64799760e-01
  7.56757306e-01 -4.59651591e-01  8.10754203e-01  4.56345004e-01
 -3.66642687e-01  7.95444696e-01  5.89262424e-01 -1.41554024e-01
  4.37165250e-01  8.99284062e-01 -1.32182021e-02 -2.15169461e-01
  9.74890792e-01  5.73589292e-02 -8.12941681e-01  5.76146899e-01
  8.47382915e-02 -9.95199808e-01 -6.99791011e-02  6.84124817e-02
 -7.49821703e-01 -6.61618508e-01  5.32645624e-03 -1.40085349e-01
 -9.86128573e-01 -8.90311020e-02  5.39781710e-01 -8.28919713e-01
 -1.46723692e-01  9.11605803e-01 -3.87342291e-01 -1.37625621e-01
  9.92637305e-01  7.04404060e-02 -9.85359312e-02  8.80654336e-01
  4.70640248e-01 -5.42742828e-02  6.21141480e-01  7.83588521e-01
 -1.31259774e-02]